SNNAME QF Ha eHa Hb eHb OIIIb eOIIIb NIIb eNIIb SII eSII
PTF14ans S 1.527e-16 5.056e-17 5.339e-17 2.006e-17 4.163e-17 1.564e-17 3.99e-17 1.403e-17 7.64e-17 1.86e-17
IC5179 S 1.498e-13 4.296e-14 5.239e-14 1.498e-14 8.877e-15 2.18e-15 5.352e-14 1.492e-14 3.317e-14 6.304e-15
IC1481 G 8.769e-14 8.238e-15 3.066e-14 4.173e-15 4.944e-14 5.843e-15 1.184e-13 1.112e-14 nan nan
NGC4261 S nan nan nan nan nan nan nan nan nan nan
NGC1316_1 S nan nan 1.875e-15 2.517e-16 2.709e-15 2.884e-16 7.166e-15 6.732e-16 6.535e-15 4.541e-16
NGC1316_2 S 7.176e-15 1.289e-15 4.822e-15 7.032e-16 7.903e-15 9.838e-16 2.407e-14 2.892e-15 1.934e-14 1.332e-15
SN2007nq X nan nan nan nan nan nan 5.052e-18 1.898e-18 nan nan
NGC0307 S 3.384e-17 8.198e-18 1.481e-16 1.391e-17 2.573e-16 2.418e-17 nan nan 2.171e-16 1.456e-17
NGC5728_1 S 6.323e-16 1.596e-16 3.425e-16 5.231e-17 3.503e-16 8.14e-17 4.935e-16 1.38e-16 3.953e-16 7.466e-17
SN2010jo S 3.824e-18 1.437e-18 nan nan nan nan nan nan nan nan
IC986 S 8.139e-17 2.046e-17 2.846e-17 1.069e-17 1.513e-16 2.807e-17 1.066e-16 2.685e-17 2.595e-14 9.742e-15
2MIG_1546 S 4.287e-15 4.027e-16 2.718e-15 2.783e-16 2.851e-15 3.137e-16 4.553e-15 4.277e-16 3.471e-15 2.347e-16
IC4296 S nan nan 4.571e-17 1.356e-17 3.972e-17 1.291e-17 nan nan nan nan
ASASSN15ja X 2.457e-15 2.308e-16 2.745e-15 2.578e-16 nan nan 1.121e-15 1.053e-16 3.809e-16 4.318e-17
SN2002fk S 4.245e-14 1.367e-14 1.484e-14 4.592e-15 5.69e-15 1.668e-15 1.375e-14 4.357e-15 1.734e-14 3.837e-15
SN2012Z S 3.175e-15 1.035e-15 1.11e-15 3.333e-16 1.44e-15 4.576e-16 6.542e-16 2.094e-16 1.477e-15 3.363e-16
SN2004cs S 1.495e-14 4.44e-15 5.227e-15 1.591e-15 3.822e-15 1.172e-15 3.437e-15 1.043e-15 4.832e-15 1.028e-15
SN2008ge S 1.524e-14 1.432e-15 5.33e-15 1.395e-15 3.151e-14 3.596e-15 5.237e-15 4.92e-16 9.17e-15 6.223e-16
SN2008ha S 4.667e-14 1.623e-14 1.641e-14 5.39e-15 4.918e-14 1.685e-14 2.996e-15 1.065e-15 9.714e-15 2.447e-15
SN2010ae S 2.627e-13 8.397e-14 9.185e-14 3e-14 1.418e-13 4.6e-14 4.477e-14 1.446e-14 9.244e-14 2.117e-14
SN2010el S 1.897e-14 6.128e-15 6.633e-15 1.346e-15 2.874e-15 8.319e-16 9.698e-15 3.082e-15 7.447e-15 1.672e-15
SN2011ce S 5.125e-13 1.442e-13 1.792e-13 5.309e-14 3.002e-14 7.71e-15 1.718e-13 4.751e-14 1.097e-13 2.179e-14
SN2013gr S 1.651e-15 5.066e-16 6.305e-16 1.892e-16 1.062e-15 3.359e-16 1.614e-16 5.544e-17 7.794e-16 1.772e-16
SN2014dt S 1.146e-13 3.817e-14 4.006e-14 1.287e-14 1.074e-14 3.101e-15 4.715e-14 1.559e-14 2.982e-14 6.927e-15
CSP13aad S 5.766e-17 1.847e-17 2.016e-17 7.576e-18 1.274e-17 2.97e-18 3.311e-17 1.01e-17 2.265e-17 6.042e-18
CSP13aao S 7.344e-18 1.851e-18 nan nan 1.097e-17 1.031e-18 9.472e-18 2.025e-18 nan nan
CSP13abl G 9.441e-18 3.548e-18 nan nan nan nan 7.631e-18 2.867e-18 nan nan
CSP13Q S 1.201e-17 4.488e-18 4.532e-18 1.535e-18 1.941e-18 7.293e-19 5.865e-18 2.204e-18 nan nan
CSP14aaq S 1.661e-16 1.906e-17 7.534e-17 9.711e-18 8.499e-17 1.377e-17 1.914e-16 2.427e-17 1.828e-16 1.215e-17
CSP14aar S 5.773e-17 2.029e-17 2.019e-17 6.894e-18 2.654e-17 9.972e-18 8.68e-18 1.205e-18 2.309e-17 6.282e-18
LSQ12agq G 6.773e-18 2.545e-18 nan nan nan nan nan nan nan nan
LSQ12aor G 6.638e-18 2.491e-18 2.426e-18 8.401e-19 2.706e-18 1.017e-18 1.01e-18 3.784e-19 nan nan
LSQ12ca G nan nan nan nan nan nan nan nan nan nan
LSQ12hvj G 1.109e-16 3.79e-17 3.879e-17 1.458e-17 1.147e-17 4.31e-18 3.169e-17 1.191e-17 3.904e-17 8.366e-18
LSQ12hxx S 2.821e-17 8.73e-18 9.865e-18 3.135e-18 nan nan 1.475e-17 3.632e-18 9.627e-18 2.458e-18
LSQ12hzs S 6.129e-17 2.093e-17 2.143e-17 7.526e-18 1.655e-17 5.717e-18 1.666e-17 6.075e-18 2.397e-17 5.581e-18
LSQ13dcy G 1.183e-17 4.331e-18 4.572e-18 1.718e-18 2.8e-18 1.052e-18 4.057e-18 1.525e-18 nan nan
LSQ13dsm S 5.635e-17 1.993e-17 1.97e-17 6.744e-18 9.702e-18 3.048e-18 2.286e-17 8.59e-18 2.491e-17 6.386e-18
LSQ14ahc S nan nan nan nan nan nan nan nan nan nan
LSQ14bbv S nan nan nan nan nan nan 4.143e-17 1.52e-17 nan nan
LSQ14bjj S 2.426e-17 9.088e-18 8.483e-18 3.188e-18 2.12e-17 7.675e-18 2.49e-18 9.356e-19 9.569e-18 2.562e-18
PS1-14rx S 9.097e-17 3.039e-17 nan nan nan nan 3.195e-17 1.201e-17 2.785e-17 7.727e-18
SN2004ef S nan nan 2.129e-17 8e-18 nan nan 1.764e-17 4.198e-18 nan nan
SN2004ey S 1.475e-15 5.437e-16 5.157e-16 1.938e-16 nan nan 5.678e-16 2.048e-16 6.06e-16 1.472e-16
SN2004gs S 1.358e-17 4.206e-18 4.053e-17 1.523e-17 nan nan 1.391e-17 3.637e-18 4.091e-17 1.089e-17
SN2005ag G 7.239e-18 2.4e-18 4.915e-18 1.847e-18 nan nan 4.604e-18 1.405e-18 nan nan
SN2005be G nan nan nan nan nan nan nan nan nan nan
SN2005bg S 1.336e-14 3.961e-15 4.671e-15 1.458e-15 8.221e-16 2.309e-16 4.172e-15 1.202e-15 nan nan
SN2005gj G 4.742e-17 1.727e-17 1.791e-17 5.577e-18 4.726e-17 1.733e-17 4.203e-18 1.58e-18 9.756e-18 2.727e-18
SN2005hc S nan nan nan nan nan nan nan nan nan nan
SN2005hj S 4.289e-16 1.394e-16 1.5e-16 5.199e-17 7.885e-17 2.462e-17 1.118e-16 3.736e-17 1.694e-16 3.846e-17
SN2005ir S 1.483e-16 4.741e-17 5.185e-17 1.836e-17 3.034e-17 1.133e-17 5.408e-17 1.739e-17 4.531e-17 1.196e-17
SN2005ku S 9.773e-16 2.972e-16 3.417e-16 1.038e-16 1.86e-16 5.938e-17 2.525e-16 7.918e-17 3.716e-16 7.987e-17
SN2005lu S 1.108e-14 3.222e-15 3.875e-15 1.175e-15 4.636e-15 1.478e-15 3.166e-15 9.283e-16 3.617e-15 7.728e-16
SN2005M S nan nan nan nan nan nan nan nan nan nan
SN2005na S 1.331e-15 4.233e-16 4.654e-16 1.471e-16 1.295e-16 3.727e-17 5.56e-16 1.625e-16 nan nan
SN2006br S 1.338e-16 3.202e-17 4.679e-17 1.758e-17 nan nan 1.593e-16 2.699e-17 nan nan
SN2006D S nan nan nan nan nan nan nan nan nan nan
SN2006ef G nan nan nan nan nan nan nan nan nan nan
SN2006ej S nan nan nan nan nan nan nan nan nan nan
SN2006eq G 7.324e-18 2.652e-18 nan nan nan nan 4.839e-18 9.451e-19 4.282e-18 1.139e-18
SN2006et S nan nan nan nan nan nan nan nan nan nan
SN2006gt X nan nan nan nan nan nan nan nan nan nan
SN2006hx S nan nan nan nan nan nan nan nan nan nan
SN2006lu S 5.193e-17 1.729e-17 1.816e-17 6.642e-18 1.013e-17 1.896e-18 2.189e-17 7.558e-18 2.707e-17 6.543e-18
SN2006ob S 1.386e-16 3.996e-17 7.634e-17 1.441e-17 1.188e-16 1.938e-17 2.334e-16 4.124e-17 1.513e-16 1.838e-17
SN2006os S 1.449e-15 4.13e-16 5.067e-16 1.698e-16 3.619e-16 4.728e-17 6.766e-16 1.805e-16 7.331e-16 2.072e-16
SN2006ot S nan nan nan nan nan nan nan nan nan nan
SN2006py G nan nan nan nan nan nan 7.617e-18 2.862e-18 nan nan
SN2007al S nan nan nan nan 3.762e-17 5.731e-18 nan nan nan nan
SN2007ba S nan nan nan nan 4.877e-17 8.853e-18 nan nan 5.263e-17 3.635e-18
SN2007bc S nan nan nan nan nan nan nan nan nan nan
SN2007cg S 6.284e-16 1.703e-16 2.197e-16 5.567e-17 3.801e-17 1.428e-17 2.543e-16 6.916e-17 1.951e-16 4.181e-17
SN2007hx S 2.447e-18 9.06e-19 nan nan nan nan 1.251e-18 3.531e-19 nan nan
SN2007mm X nan nan nan nan nan nan nan nan nan nan
SN2007ol S nan nan nan nan 6.094e-18 2.29e-18 nan nan nan nan
SN2007S S 4.049e-15 1.358e-15 1.416e-15 4.988e-16 2.96e-16 1.112e-16 1.333e-15 4.402e-16 1.094e-15 2.83e-16
SN2007so S nan nan nan nan nan nan nan nan nan nan
SN2008ar G 5.812e-16 2.061e-16 2.073e-16 5.033e-17 nan nan 2.196e-16 7.526e-17 1.427e-15 5.177e-16
SN2008cf S nan nan 3.258e-17 1.084e-17 5.533e-17 1.982e-17 nan nan nan nan
SN2008go X nan nan nan nan nan nan nan nan nan nan
SN2008hj G nan nan nan nan nan nan nan nan nan nan
SN2009aa G 7.98e-17 2.999e-17 2.79e-17 1.048e-17 4.794e-17 1.801e-17 1.174e-17 4.238e-18 4.241e-17 1.141e-17
SN2009D X nan nan nan nan nan nan nan nan nan nan
SN2009I S 8.075e-16 2.801e-16 2.823e-16 9.504e-17 8.263e-17 3.105e-17 3.2e-16 1.079e-16 nan nan
SN2012G X nan nan nan nan nan nan nan nan nan nan
SN2012gm S 1.459e-15 4.183e-16 5.102e-16 1.451e-16 2.626e-16 7.181e-17 5.672e-16 1.585e-16 7.924e-16 1.551e-16
SN2013ao G 1.754e-17 5.818e-18 7.342e-18 1.65e-18 1.191e-17 4.318e-18 nan nan nan nan
SN2013as G 3.754e-18 1.006e-18 nan nan 2.018e-18 6.888e-19 nan nan nan nan
SN2013bz G 1.43e-16 4.105e-17 8.173e-17 3.071e-17 5.457e-17 2.051e-17 7.269e-17 1.902e-17 nan nan
SN2013fy G 8.026e-18 3e-18 3.712e-18 1.395e-18 6.832e-18 1.34e-18 6.245e-18 2.169e-18 nan nan
SN2014at S 5.073e-16 1.756e-16 1.774e-16 6.665e-17 1.126e-16 4.23e-17 2.063e-16 7.254e-17 2.647e-16 5.858e-17
SN2014cd S 3.515e-15 1.143e-15 1.229e-15 4.619e-16 3.422e-16 1.15e-16 1.57e-15 5.126e-16 1.139e-15 2.665e-16
ASASSN13an S 3.985e-15 1.284e-15 1.393e-15 4.469e-16 5.393e-16 1.643e-16 1.718e-15 5.546e-16 nan nan
ASASSN13ar S 3.103e-17 1.127e-17 1.106e-17 4.157e-18 4.444e-18 1.67e-18 8.11e-18 3.048e-18 1.75e-17 4.066e-18
ASASSN13bb S 1.509e-16 4.883e-17 5.275e-17 1.982e-17 nan nan 6.25e-17 2.322e-17 9.446e-17 1.931e-17
ASASSN13cj S nan nan 8.901e-17 1.604e-17 nan nan nan nan nan nan
ASASSN13cp S 2.339e-17 8.012e-18 3.006e-17 2.824e-18 1.173e-17 2.872e-18 1.587e-17 4.665e-18 nan nan
ASASSN13cu S 9.412e-15 3.131e-15 3.291e-15 1.073e-15 1.721e-15 5.424e-16 3.322e-15 1.119e-15 2.751e-15 6.717e-16
ASASSN13dm S 9.052e-15 2.185e-15 3.165e-15 7.97e-16 9.986e-16 2.327e-16 3.885e-15 9.481e-16 2.826e-15 4.963e-16
ASASSN14ad S 5.233e-17 1.605e-17 2.435e-17 8.463e-18 1.4e-17 5.26e-18 9.623e-18 3.616e-18 nan nan
ASASSN14ba S 1.413e-15 4.077e-16 4.939e-16 1.468e-16 2.579e-16 9.173e-17 4.785e-16 1.36e-16 6.09e-16 1.221e-16
ASASSN14co S 4.036e-16 1.326e-16 1.411e-16 4.437e-17 1.152e-16 3.663e-17 1.088e-16 3.523e-17 1.6e-16 3.909e-17
ASASSN14cu S 7.586e-17 1.73e-17 3.975e-17 7.059e-18 1.446e-16 2.33e-17 7.12e-17 1.537e-17 nan nan
ASASSN14db S 6.797e-15 2.007e-15 2.377e-15 7.354e-16 7.925e-16 2.307e-16 2.697e-15 7.923e-16 1.723e-15 3.641e-16
ASASSN14dz S 4.03e-17 1.202e-17 nan nan 8.315e-17 1.98e-17 3.573e-17 9.724e-18 nan nan
ASASSN14ew S 3.557e-16 1.13e-16 1.244e-16 2.694e-17 1.027e-16 3.622e-17 8.857e-17 2.877e-17 1.095e-13 3.35e-14
ASASSN14fa G nan nan nan nan nan nan nan nan nan nan
ASASSN14hr S 1.469e-15 3.722e-16 5.138e-16 1.47e-16 1.457e-16 4.339e-17 4.927e-16 1.235e-16 3.338e-16 5.458e-17
ASASSN14ig S 1.486e-16 2.744e-17 6.379e-17 1.163e-17 1.036e-16 2.089e-17 1.76e-16 3.409e-17 2.035e-16 1.809e-17
ASASSN14jc S 5.13e-15 1.72e-15 1.794e-15 5.93e-16 5.648e-16 2.123e-16 1.969e-15 6.505e-16 1.874e-15 4.402e-16
ASASSN14jg S 3.347e-15 1.159e-15 1.17e-15 3.844e-16 9.627e-16 3.216e-16 7.325e-16 2.566e-16 1.204e-15 3.037e-16
ASASSN14jz S 6.07e-16 2.055e-16 2.2e-16 6.814e-17 2.099e-16 6.825e-17 5.181e-17 1.597e-17 2.319e-16 5.557e-17
ASASSN14kq S 3.208e-16 1.066e-16 1.122e-16 4.214e-17 1.594e-16 5.989e-17 5.02e-17 1.763e-17 1.3e-16 3.442e-17
ASASSN14kr S 2.565e-16 8.796e-17 8.969e-17 3.047e-17 1.116e-16 3.745e-17 3.56e-17 1.221e-17 1.225e-16 3.107e-17
ASASSN14lp S 6.349e-13 1.711e-13 2.22e-13 6.04e-14 4.187e-14 1.039e-14 2.091e-13 5.517e-14 1.373e-13 2.491e-14
ASASSN14lt S 2.679e-18 9.925e-19 3.75e-18 1.009e-18 4.454e-18 1.237e-18 3.396e-18 1.061e-18 nan nan
ASASSN14lu S 1.048e-17 3.938e-18 nan nan 1.632e-17 4.609e-18 8.681e-18 3.011e-18 nan nan
ASASSN14lv S 1.068e-16 3.713e-17 3.734e-17 1.115e-17 1.304e-17 3.888e-18 3.757e-17 1.254e-17 5.442e-17 1.414e-17
ASASSN14mf S 5.952e-16 2.056e-16 2.101e-16 6.75e-17 3.305e-16 1.16e-16 7.765e-17 2.702e-17 2.293e-16 5.71e-17
ASASSN15aj S 2.089e-15 4.164e-16 7.304e-16 1.941e-16 1.534e-15 2.927e-16 2.254e-15 4.465e-16 1.73e-15 2.237e-16
LSQ12dbr G 5.21e-17 1.958e-17 3.776e-17 1.419e-17 3.602e-17 1.353e-17 nan nan 6.032e-17 8.367e-18
LSQ12gdj X nan nan nan nan nan nan nan nan nan nan
PTF12jgb S 2.693e-16 9.07e-17 9.834e-17 3.318e-17 1.035e-16 3.055e-17 4.743e-17 1.547e-17 1.339e-16 3.502e-17
SN1986G S 3.504e-12 1.012e-12 1.225e-12 4.604e-13 nan nan 1.934e-12 5.103e-13 2.04e-12 3.956e-13
SN1994D S 1.419e-13 1.333e-14 5.096e-14 4.787e-15 3.272e-14 3.074e-15 8.074e-14 7.585e-15 3.74e-14 2.511e-15
SN2001cp S 1.324e-17 2.829e-18 2.348e-17 8.019e-18 nan nan nan nan nan nan
SN2001da S 3.537e-16 1.153e-16 nan nan nan nan 1.781e-16 5.25e-17 1.14e-16 2.984e-17
SN2001el S 3.78e-14 1.291e-14 1.322e-14 4.624e-15 1.009e-14 3.312e-15 1.287e-14 4.324e-15 1.351e-14 3.35e-15
SN2002cr G 1.536e-16 5.286e-17 9.886e-17 3.238e-17 nan nan 2.186e-17 8.216e-18 9.414e-17 2.093e-17
SN2007af S 3.306e-15 1.185e-15 1.156e-15 4.106e-16 5.784e-16 2.086e-16 5.696e-16 2.118e-16 1.385e-15 3.633e-16
SN2007fb S 3.594e-16 1.201e-16 1.257e-16 3.933e-17 3.117e-17 1.171e-17 1.572e-16 5.178e-17 1.35e-16 3.674e-17
SN2007fs X nan nan 4.366e-17 1.641e-17 nan nan nan nan nan nan
SN2007le S 1.659e-14 5.63e-15 5.8e-15 1.898e-15 1.574e-15 3.643e-16 6.966e-15 2.416e-15 6.049e-15 1.517e-15
SN2007sr X nan nan nan nan nan nan nan nan nan nan
SN2008dh S 8.313e-16 2.859e-16 2.907e-16 9.918e-17 3.523e-16 1.264e-16 1.385e-16 4.754e-17 2.439e-16 6.158e-17
SN2008fp S 2.768e-15 7.55e-16 9.677e-16 2.424e-16 4.194e-15 8.279e-16 2.519e-15 6.596e-16 1.858e-15 3.571e-16
SN2008ia S 3.919e-17 1.312e-17 4.733e-17 8.401e-18 4.938e-17 1.302e-17 6.352e-17 1.661e-17 nan nan
SN2008J S 2.4e-14 7.657e-15 8.392e-15 2.767e-15 1.652e-15 4.817e-16 8.179e-15 2.51e-15 5.9e-15 1.286e-15
SN2009ig G nan nan nan nan nan nan nan nan nan nan
SN2009le S 5.847e-15 1.954e-15 2.044e-15 6.294e-16 4.29e-16 1.125e-16 2.247e-15 7.376e-16 1.581e-15 3.731e-16
SN2009nr X nan nan 9.345e-17 3.2e-17 nan nan nan nan nan nan
SN2010A S 4.55e-15 1.534e-15 1.591e-15 5.388e-16 4.759e-16 1.72e-16 1.491e-15 5.084e-16 1.447e-15 3.642e-16
SN2010ev S 1.237e-14 4.255e-15 4.325e-15 1.401e-15 6.375e-16 2.001e-16 3.881e-15 1.345e-15 2.777e-15 6.934e-16
SN2012cg S 4.479e-13 1.372e-13 1.566e-13 4.794e-14 5.039e-14 1.33e-14 1.603e-13 5.043e-14 1.55e-13 3.488e-14
SN2012cu S 4.428e-15 1.451e-15 1.548e-15 4.588e-16 1.594e-15 5.063e-16 2.041e-15 6.951e-16 2.789e-15 6.582e-16
SN2012fw S 5.771e-16 2.071e-16 2.018e-16 6.784e-17 1.259e-16 4.42e-17 1.545e-16 5.661e-17 nan nan
SN2012hd S 2.851e-15 6.09e-16 9.967e-16 2.224e-16 1.464e-15 3.279e-16 1.607e-15 3.339e-16 1.884e-15 2.904e-16
SN2012hr X nan nan nan nan nan nan nan nan nan nan
SN2012ht X nan nan nan nan nan nan nan nan nan nan
SN2013aa X nan nan nan nan nan nan nan nan nan nan
SN2011iy S 6.003e-15 1.371e-15 2.099e-15 5.024e-16 2.337e-15 5.06e-16 4.883e-15 1.152e-15 4.841e-15 8.545e-16
PTF12iiq S 8.447e-18 2.765e-18 nan nan nan nan nan nan nan nan
ASASSN-15hg S 1.19e-17 3.26e-18 1.488e-17 2.069e-18 6.639e-18 2.495e-18 7.482e-18 2.036e-18 nan nan
ASASSN-15ho S 1.427e-16 5.111e-17 4.99e-17 1.829e-17 5.036e-17 1.8e-17 2.973e-17 1.029e-17 5.16e-17 1.247e-17
CSS121114_090202+101 G 5.69e-17 2.016e-17 1.989e-17 7.476e-18 2.564e-17 5.573e-18 1.774e-17 3.022e-18 3.17e-17 8.504e-18
CSS130317_082848+293 X nan nan nan nan 4.531e-18 1.253e-18 nan nan nan nan
iPTF13dge X nan nan nan nan nan nan nan nan nan nan
LSQ12fmx G nan nan nan nan nan nan nan nan nan nan
LSQ12fuk S 5.096e-16 1.775e-16 1.782e-16 5.782e-17 1.15e-16 4.321e-17 4.806e-17 1.789e-17 nan nan
LSQ13crf S 1.416e-15 4.803e-16 4.949e-16 1.696e-16 1.152e-15 4.055e-16 1.345e-16 4.38e-17 3.848e-16 9.19e-17
LSQ13cwp G nan nan nan nan 2.384e-18 8.958e-19 nan nan nan nan
LSQ14act G 9.103e-18 2.52e-18 nan nan nan nan 9.098e-18 2.514e-18 nan nan
LSQ14aeg G 3.219e-18 7.648e-19 4.171e-18 1.101e-18 6.366e-18 1.637e-18 2.84e-18 5.729e-19 nan nan
LSQ14age G 8.544e-18 2.581e-18 nan nan nan nan 3.014e-18 1.021e-18 nan nan
LSQ14ahm S 1.2e-16 4.381e-17 4.788e-17 1.799e-17 1.31e-16 4.738e-17 3.803e-18 1.429e-18 2.129e-17 5.668e-18
LSQ14xi S 7.391e-16 2.401e-16 2.584e-16 9.333e-17 7.396e-17 2.468e-17 2.807e-16 8.437e-17 2.191e-16 4.826e-17
PS1-14ra G 1.074e-16 3.599e-17 4.027e-17 1.513e-17 nan nan 4.542e-17 1.707e-17 3.119e-17 8.754e-18
PS15aez S 1.542e-16 4.807e-17 5.393e-17 1.887e-17 1.658e-17 5.732e-18 6.391e-17 2.189e-17 5.573e-17 1.312e-17
PS15mt S 7.482e-17 2.411e-17 2.616e-17 8.546e-18 4.595e-17 1.557e-17 1.022e-17 3.626e-18 2.304e-17 5.216e-18
PSNJ07250042+2347030 S 1.321e-15 4.408e-16 4.619e-16 1.47e-16 2.335e-16 6.723e-17 6.064e-16 2.009e-16 3.796e-16 1.072e-16
PSNJ10292799+2200468 G 4.06e-17 1.517e-17 1.42e-17 4.576e-18 2.775e-17 8.564e-18 1.441e-17 5.416e-18 1.773e-17 4.813e-18
PTF11qmo G 1.566e-18 5.885e-19 nan nan nan nan nan nan nan nan
PTF11qpc G 5.889e-18 2.213e-18 2.674e-18 1.005e-18 nan nan nan nan 3.723e-18 9.898e-19
PTF11qri G 4.17e-17 1.49e-17 1.458e-17 5.479e-18 2.52e-17 9.468e-18 8.205e-18 3.083e-18 9.777e-18 2.723e-18
SN2013da S 2.861e-15 9.431e-16 1e-15 3.311e-16 4.871e-16 1.552e-16 1.193e-15 4e-16 nan nan
SN2014dm S 1.438e-16 4.61e-17 5.027e-17 1.325e-17 3.712e-17 8.319e-18 7.389e-17 2.343e-17 6.563e-17 1.283e-17
SN2015H S 6.908e-15 2.315e-15 2.415e-15 7.463e-16 3.555e-16 1.081e-16 2.406e-15 8.157e-16 2.021e-15 4.846e-16
NGC1060 S 2.498e-16 2.346e-17 4.346e-16 4.083e-17 1.581e-16 1.485e-17 1.601e-16 2.848e-17 nan nan
SN2005P S 4.753e-15 1.629e-15 1.662e-15 5.967e-16 1.77e-15 6.382e-16 8.783e-16 3.09e-16 1.596e-15 4.029e-16
SN2007hj S 2.625e-17 9.863e-18 nan nan 6.638e-17 2.494e-17 nan nan nan nan
ASASSN13dd S nan nan nan nan 2.056e-16 1.932e-17 nan nan nan nan
SN2008hv G nan nan nan nan nan nan nan nan nan nan
LSQ12hzj S nan nan 1.483e-17 5.574e-18 nan nan nan nan nan nan
SN2002ha S 3.659e-16 1.304e-16 1.279e-16 3.985e-17 6.157e-17 2.314e-17 1.819e-16 6.093e-17 2.111e-16 4.852e-17
SN2006cm S 1.049e-14 3.349e-15 3.666e-15 1.205e-15 1.399e-15 4.04e-16 4.846e-15 1.536e-15 3.902e-15 9.066e-16
SN2006E X 1.543e-15 2.136e-16 nan nan nan nan 4.977e-16 1.576e-16 nan nan
SN2009ds S 2.29e-15 7.787e-16 8.007e-16 2.756e-16 1.586e-16 4.815e-17 8.832e-16 2.985e-16 nan nan
SN2009mz S 1.256e-14 4.435e-15 4.391e-15 1.468e-15 3.153e-15 1.081e-15 3.567e-15 1.281e-15 4.494e-15 1.157e-15
SN2012et S 5.316e-16 1.771e-16 1.859e-16 6.647e-17 8.684e-17 3.126e-17 2.038e-16 6.584e-17 nan nan
SN2013aj S 1.767e-16 6.639e-17 8.182e-17 1.985e-17 2.331e-16 4.841e-17 4.318e-16 1.377e-16 2.278e-16 6.141e-17
SN20080612 G 1.029e-16 3.228e-17 3.598e-17 1.162e-17 nan nan 4.313e-17 1.323e-17 5.469e-17 1.07e-17
SN2002jg S 3.779e-15 1.184e-15 1.321e-15 4.175e-16 7.896e-16 2.372e-16 1.352e-15 4.21e-16 1.581e-15 3.452e-16
NGC7469 S 4.683e-16 1.268e-16 1.637e-16 4.739e-17 2.538e-16 4.684e-17 3.585e-16 9.07e-17 3.389e-16 6.98e-17
NGC7742 S 1.904e-13 6.214e-14 6.659e-14 2.163e-14 2.285e-14 6.867e-15 8.71e-14 2.886e-14 5.692e-14 1.333e-14
SN1998dq S 2.483e-17 8.276e-18 1.452e-17 4.617e-18 3.004e-18 9.504e-19 1.005e-17 3.372e-18 8.343e-18 1.981e-18
SN2000do S 1.098e-14 3.529e-15 3.841e-15 1.16e-15 8.213e-16 2.409e-16 4.099e-15 1.286e-15 2.862e-15 6.417e-16
LSQ12hnx G 1.043e-18 2.03e-19 nan nan 8.226e-19 2.6e-19 nan nan nan nan
LSQ13dhj S 3.944e-17 1.46e-17 1.379e-17 4.874e-18 3.82e-18 1.436e-18 1.165e-17 4.379e-18 1.218e-17 3.267e-18
LSQ14ie G 4.55e-18 1.609e-18 1.676e-18 6.298e-19 4.321e-18 5.43e-19 nan nan 4.817e-18 1.379e-18
SN2006fw S nan nan nan nan nan nan nan nan nan nan
ASASSN14me S 2.452e-15 8.063e-16 8.573e-16 2.655e-16 1.371e-15 4.498e-16 2.491e-16 8.322e-17 8.92e-16 2.156e-16
SN2011ha X nan nan nan nan nan nan nan nan nan nan
ASASSN13ch S 4.071e-16 1.349e-16 1.423e-16 5.348e-17 1.562e-16 4.388e-17 4.997e-17 1.687e-17 2.005e-16 5.26e-17
SN2004do S 2.817e-14 9.598e-15 9.85e-15 3.132e-15 1.121e-14 3.747e-15 8.527e-15 2.858e-15 1.162e-14 2.824e-15
SN2009iw S 7.176e-16 2.335e-16 2.509e-16 7.156e-17 2.644e-16 6.138e-17 3.539e-16 1.083e-16 2.989e-16 6.745e-17
SN2013az X nan nan nan nan nan nan nan nan nan nan
ASASSN14lw X nan nan 1.122e-17 2.987e-18 nan nan nan nan nan nan
PS15mb X nan nan nan nan nan nan nan nan nan nan
SN2009J S 1.411e-15 4.793e-16 4.935e-16 1.518e-16 6.395e-16 2.031e-16 3.936e-16 1.377e-16 5.657e-16 1.378e-16
SN2008bc G 3.936e-17 1.479e-17 nan nan 2.254e-17 8.469e-18 2.262e-17 6.398e-18 3.559e-17 9.652e-18
ASASSN14hu G nan nan 1.112e-16 1.047e-17 nan nan nan nan nan nan
SN2005hk S 3.001e-16 9.851e-17 1.051e-16 3.143e-17 8.109e-17 2.612e-17 4.109e-17 1.084e-17 1.531e-16 3.664e-17
CSP14abn X nan nan nan nan nan nan nan nan nan nan
SN2002cx S 4.037e-16 1.391e-16 1.411e-16 5.008e-17 1.441e-16 4.654e-17 7.621e-17 2.788e-17 nan nan
SN1991bj S 2.611e-15 9.122e-16 9.13e-16 3.034e-16 9.511e-16 3.217e-16 4.679e-16 1.68e-16 1.043e-15 2.532e-16
SN2008ae S 1.09e-15 3.899e-16 3.811e-16 1.401e-16 2.323e-16 7.884e-17 3.776e-16 1.356e-16 3.861e-16 9.919e-17
