              SNNAME   QF     Ha         eHa        Hb        eHb        OIIIb      eOIIIb     NIIb       eNIIb      SII        eSII      OI          eOI        HeI       eHeI    SFR   OH      HaEW     eHaEW   LumFlux Areakpc  av   avs agel  eagel   agem   eagem    zl    ezl   zm   ezm
            PTF14ans    S  1.527e-16  5.056e-17  5.339e-17  2.006e-17  4.163e-17  1.564e-17  3.990e-17  1.403e-17  7.640e-17  1.860e-17  1.209e-17  3.524e-18        NaN        NaN    0.0028691      8.334     23.040      0.930  1.879e+13      1.0000000  0.6142061   0.9627000   7.8309350  1.0508170   8.5700264  0.9608920  0.0224250  0.0168860  0.0202070  0.0157230
              IC5179    S  1.498e-13  4.296e-14  5.239e-14  1.498e-14  8.877e-15  2.180e-15  5.352e-14  1.492e-14  3.317e-14  6.304e-15  4.620e-15  1.011e-15        NaN        NaN    0.3404643      8.864     55.400      0.780  2.272e+12      1.0000000  2.0039928   1.4283000   8.7226791  0.7786550   9.7151661  0.8279460  0.0251050  0.0235550  0.0147160  0.0219330
              IC1481    G  8.769e-14  8.238e-15  3.066e-14  4.173e-15  4.944e-14  5.843e-15  1.184e-13  1.112e-14        NaN        NaN  4.398e-14  4.872e-15        NaN        NaN    0.6523827        NaN     18.880      1.750  7.439e+12      1.0000000  1.8076551   1.0093000   8.1464100  1.9349570  10.1373510  0.4889710  0.0186320  0.0155440  0.0085510  0.0117070
             NGC4261    S        NaN        NaN        NaN        NaN        NaN        NaN        NaN        NaN        NaN        NaN        NaN        NaN        NaN        NaN    0.0000000        NaN      0.000      0.000  9.639e+11      1.0000000        NaN   0.0054000   9.7167616  2.4289620  10.2541170  2.4289620  0.0500000  0.0000000  0.0500000  0.0000000
           NGC1316_1    S        NaN        NaN  1.875e-15  2.517e-16  2.709e-15  2.884e-16  7.166e-15  6.732e-16  6.535e-15  4.541e-16  2.637e-15  9.909e-16        NaN        NaN          NaN        NaN      0.950      0.520  5.931e+11      1.0000000        NaN   0.7426000   9.3663034  1.7004139   9.9425850  0.3125340  0.0181120  0.0059660  0.0199930  0.0006760
           NGC1316_2    S  7.176e-15  1.289e-15  4.822e-15  7.032e-16  7.903e-15  9.838e-16  2.407e-14  2.892e-15  1.934e-14  1.332e-15        NaN        NaN        NaN        NaN    0.0037426      9.023      0.240      0.100  5.216e+11      1.0000000  0.0000000   0.2657000   9.7356625  0.7896560  10.0734615  0.3416640  0.0378900  0.0194930  0.0432080  0.0169610
            SN2007nq    X        NaN        NaN        NaN        NaN        NaN        NaN  5.052e-18  1.898e-18        NaN        NaN        NaN        NaN        NaN        NaN          NaN        NaN      2.750      2.030  3.650e+13      1.0000000        NaN  -0.3596000   9.5937901  2.5448661  10.2539005  1.5355320  0.0178620  0.0083550  0.0200170  0.0178600
             NGC0307    S  3.384e-17  8.198e-18  1.481e-16  1.391e-17  2.573e-16  2.418e-17        NaN        NaN  2.171e-16  1.456e-17        NaN        NaN        NaN        NaN    0.0001066        NaN      0.090      0.030  3.150e+12      1.0000000        NaN   0.0703000   9.6717882  1.4455709  10.1186037  0.1463650  0.0333010  0.0262920  0.0419060  0.0295970
           NGC5728_1    S  6.323e-16  1.596e-16  3.425e-16  5.231e-17  3.503e-16  8.140e-17  4.935e-16  1.380e-16  3.953e-16  7.466e-17  7.487e-17  2.128e-17        NaN        NaN    0.0009527      8.841      2.140      0.120  1.507e+12      1.0000000  0.0000000   0.3414000   9.6728516  0.7757580  10.0976200  0.2952070  0.0233570  0.0193160  0.0251140  0.0174810
            SN2010jo    S  3.824e-18  1.437e-18        NaN        NaN        NaN        NaN        NaN        NaN        NaN        NaN        NaN        NaN        NaN        NaN    0.0001470        NaN      1.110      0.570  3.845e+13      1.0000000        NaN   0.2057000   9.6484928  1.0164850  10.1724882  0.2917450  0.0146570  0.0221880  0.0265170  0.0285170
               IC986    S  8.139e-17  2.046e-17  2.846e-17  1.069e-17  1.513e-16  2.807e-17  1.066e-16  2.685e-17  2.595e-14  9.742e-15  4.175e-17  5.506e-18        NaN        NaN    0.0009191    -10.102      0.300      0.040  1.129e+13      1.0000000  1.4364698  -0.0007000  10.0538769  0.2697760  10.1081638  0.2248080  0.0291260  0.0266990  0.0350400  0.0248020
           2MIG_1546    S  4.287e-15  4.027e-16  2.718e-15  2.783e-16  2.851e-15  3.137e-16  4.553e-15  4.277e-16  3.471e-15  2.347e-16  5.073e-16  4.766e-17        NaN        NaN    0.0166679      8.901      0.720      0.060  3.888e+12      1.0000000  0.0000000   0.5872000   9.0002689  2.1668820  10.2390327  0.3294490  0.0387160  0.0197060  0.0499470  0.0033430
              IC4296    S        NaN        NaN  4.571e-17  1.356e-17  3.972e-17  1.291e-17        NaN        NaN        NaN        NaN        NaN        NaN        NaN        NaN          NaN        NaN      0.100      0.060  2.719e+12      1.0000000        NaN   0.0580000   9.4780531  1.7308590  10.2213831  0.2407950  0.0381340  0.0198710  0.0471960  0.0179920
          ASASSN15ja    X  2.457e-15  2.308e-16  2.745e-15  2.578e-16        NaN        NaN  1.121e-15  1.053e-16  3.809e-16  4.318e-17        NaN        NaN        NaN        NaN    0.0308565      9.214      5.010      0.450  1.256e+13      1.0000000  0.0000000   1.5716000   6.6422949  1.5604860   8.1771660  1.5604860  0.0069730  0.0325270  0.0389660  0.0325270
            SN2002fk    S  4.245e-14  1.367e-14  1.484e-14  4.592e-15  5.690e-15  1.668e-15  1.375e-14  4.357e-15  1.734e-14  3.837e-15  1.745e-15  4.854e-16        NaN        NaN    0.0372810      8.540     24.570      0.290  8.782e+11      1.0000000  0.6617852   0.7555000   8.3831406  1.1541260   9.8300352  0.7498300  0.0203980  0.0178730  0.0112860  0.0136870
             SN2012Z    S  3.175e-15  1.035e-15  1.110e-15  3.333e-16  1.440e-15  4.576e-16  6.542e-16  2.094e-16  1.477e-15  3.363e-16  3.500e-16  1.018e-16        NaN        NaN    0.0027828      8.235     46.540      0.930  8.764e+11      1.0000000  0.3002630   0.8672000   7.6730032  1.0504860   8.2373810  0.7966850  0.0114960  0.0178680  0.0104430  0.0213580
            SN2004cs    S  1.495e-14  4.440e-15  5.227e-15  1.591e-15  3.822e-15  1.172e-15  3.437e-15  1.043e-15  4.832e-15  1.028e-15  2.949e-16  8.445e-17        NaN        NaN    0.0514874      8.454     76.170      0.620  3.444e+12      1.0000000  0.3772285   0.9753000   7.2810469  1.1354409   8.9232502  1.1368040  0.0208220  0.0215830  0.0125310  0.0167860
            SN2008ge    S  1.524e-14  1.432e-15  5.330e-15  1.395e-15  3.151e-14  3.596e-15  5.237e-15  4.920e-16  9.170e-15  6.223e-16        NaN        NaN        NaN        NaN    0.0040023      8.404      0.070      0.020  2.626e+11      1.0000000  1.4349636  -0.2270000  10.1464729  0.1457530  10.1428728  0.1314170  0.0356480  0.0278950  0.0386450  0.0282710
            SN2008ha    S  4.667e-14  1.623e-14  1.641e-14  5.390e-15  4.918e-14  1.685e-14  2.996e-15  1.065e-15  9.714e-15  2.447e-15  1.161e-15  4.350e-16        NaN        NaN    0.0171085      7.926    156.550      1.570  3.666e+11      1.0000000  0.0000000   1.1720999   6.7594428  0.6187510   7.5610151  1.2597409  0.0140170  0.0146720  0.0314710  0.0260980
            SN2010ae    S  2.627e-13  8.397e-14  9.185e-14  3.000e-14  1.418e-13  4.600e-14  4.477e-14  1.446e-14  9.244e-14  2.117e-14  8.835e-15  2.809e-15        NaN        NaN    0.0602764      8.252     42.970      0.390  2.295e+11      1.0000000  0.5806329   0.8156000   8.0706177  1.6186780   9.9290104  1.1908150  0.0173200  0.0217060  0.0102220  0.0194790
            SN2010el    S  1.897e-14  6.128e-15  6.633e-15  1.346e-15  2.874e-15  8.319e-16  9.698e-15  3.082e-15  7.447e-15  1.672e-15  1.089e-15  3.450e-16        NaN        NaN    0.0081431      8.810      8.710      0.150  4.292e+11      1.0000000  0.3315157   0.6309000   9.1066132  1.2019300   9.9204578  0.3982850  0.0266160  0.0209410  0.0226350  0.0211230
            SN2011ce    S  5.125e-13  1.442e-13  1.792e-13  5.309e-14  3.002e-14  7.710e-15  1.718e-13  4.751e-14  1.097e-13  2.179e-14  1.145e-14  2.973e-15        NaN        NaN    0.6569318      8.843     48.460      0.490  1.282e+12      1.0000000  1.1761079   1.0193000   8.4990253  1.0446939   9.7259541  0.8727930  0.0325160  0.0224490  0.0153770  0.0239950
            SN2013gr    S  1.651e-15  5.066e-16  6.305e-16  1.892e-16  1.062e-15  3.359e-16  1.614e-16  5.544e-17  7.794e-16  1.772e-16  1.134e-16  4.260e-17        NaN        NaN    0.0015617      7.767     30.400      0.910  9.460e+11      1.0000000  0.0000000   0.3318000   7.5197601  1.5751520   9.8183746  1.0502549  0.0150070  0.0168170  0.0079810  0.0044920
            SN2014dt    S  1.146e-13  3.817e-14  4.006e-14  1.287e-14  1.074e-14  3.101e-15  4.715e-14  1.559e-14  2.982e-14  6.927e-15  3.444e-15  9.635e-16        NaN        NaN    0.0532210      8.872     55.310      0.770  4.645e+11      1.0000000  0.8543565   0.7457000   8.4440918  1.0767469   9.7627888  0.8661020  0.0240470  0.0224660  0.0151830  0.0240030
            CSP13aad    S  5.766e-17  1.847e-17  2.016e-17  7.576e-18  1.274e-17  2.970e-18  3.311e-17  1.010e-17  2.265e-17  6.042e-18        NaN        NaN        NaN        NaN    0.0093951      8.876      8.180      0.460  1.629e+14      1.0000000  1.0277617  -0.0410000   9.6324902  0.9175610  10.1340590  0.2645270  0.0225830  0.0232420  0.0326620  0.0244820
            CSP13aao    S  7.344e-18  1.851e-18        NaN        NaN  1.097e-17  1.031e-18  9.472e-18  2.025e-18        NaN        NaN        NaN        NaN        NaN        NaN    0.0005470        NaN      1.850      0.350  7.449e+13      1.0000000        NaN   0.1577000  10.1191177  0.0999350  10.1251812  0.0999350  0.0045860  0.0113140  0.0052720  0.0113140
            CSP13abl    G  9.441e-18  3.548e-18        NaN        NaN        NaN        NaN  7.631e-18  2.867e-18        NaN        NaN        NaN        NaN        NaN        NaN    0.0002893        NaN      6.200      2.250  3.064e+13      1.0000000        NaN   1.1912000   7.8908730  1.4230900   8.8738880  1.4358450  0.0340970  0.0212690  0.0487650  0.0214600
              CSP13Q    S  1.201e-17  4.488e-18  4.532e-18  1.535e-18  1.941e-18  7.293e-19  5.865e-18  2.204e-18        NaN        NaN  2.817e-18  1.058e-18        NaN        NaN    0.0019571        NaN     18.370      1.260  1.629e+14      1.0000000  0.0000000   0.1257000   8.9798079  1.0277100   9.4335308  0.5155250  0.0345190  0.0205690  0.0283430  0.0211360
            CSP14aaq    S  1.661e-16  1.906e-17  7.534e-17  9.711e-18  8.499e-17  1.377e-17  1.914e-16  2.427e-17  1.828e-16  1.215e-17  2.885e-17  2.711e-18        NaN        NaN    0.0039737      8.808      0.720      0.090  2.393e+13      1.0000000  0.0000000  -0.0228000   9.9421654  2.3767340  10.2545252  1.1403350  0.0457620  0.0318360  0.0499670  0.0239910
            CSP14aar    S  5.773e-17  2.029e-17  2.019e-17  6.894e-18  2.654e-17  9.972e-18  8.680e-18  1.205e-18  2.309e-17  6.282e-18        NaN        NaN        NaN        NaN    0.0019387      8.126     58.100      2.820  3.358e+13      1.0000000  0.3095220   0.0558000   9.4767675  1.2946370  10.0634108  0.2716930  0.0177530  0.0207520  0.0105350  0.0098890
            LSQ12agq    G  6.773e-18  2.545e-18        NaN        NaN        NaN        NaN        NaN        NaN        NaN        NaN  6.858e-18  6.443e-19        NaN        NaN    0.0005516        NaN     11.040      1.940  8.144e+13      1.0000000        NaN   0.1579000   7.7306919  1.9846330  10.0126104  1.4501621  0.0408800  0.0249650  0.0102610  0.0295410
            LSQ12aor    G  6.638e-18  2.491e-18  2.426e-18  8.401e-19  2.706e-18  1.017e-18  1.010e-18  3.784e-19        NaN        NaN        NaN        NaN        NaN        NaN    0.0012221        NaN     36.570      3.570  1.841e+14      1.0000000  0.0000000   0.5020000   8.3768654  1.2762630   9.6406717  0.6326820  0.0056920  0.0022010  0.0040920  0.0008170
             LSQ12ca    G        NaN        NaN        NaN        NaN        NaN        NaN        NaN        NaN        NaN        NaN        NaN        NaN        NaN        NaN          NaN        NaN      8.390      4.680  2.068e+14      1.0000000        NaN   1.9398000   6.7816138  0.8845930   7.8357172  1.0930740  0.0500000  0.0000000  0.0500000  0.0000000
            LSQ12hvj    G  1.109e-16  3.790e-17  3.879e-17  1.458e-17  1.147e-17  4.310e-18  3.169e-17  1.191e-17  3.904e-17  8.366e-18  8.202e-18  2.618e-18        NaN        NaN    0.0113056      8.536     39.940      2.040  1.019e+14      1.0000000  0.3433271   0.5462000   8.0582514  1.2912450   8.9748325  0.9463540  0.0335200  0.0228580  0.0446500  0.0302270
            LSQ12hxx    S  2.821e-17  8.730e-18  9.865e-18  3.135e-18        NaN        NaN  1.475e-17  3.632e-18  9.627e-18  2.458e-18        NaN        NaN        NaN        NaN    0.0027027      8.886      9.550      0.640  9.580e+13      1.0000000  1.0546507   0.3004000   8.8017302  1.0594150   9.8034229  0.6885810  0.0299150  0.0241670  0.0171050  0.0194010
            LSQ12hzs    S  6.129e-17  2.093e-17  2.143e-17  7.526e-18  1.655e-17  5.717e-18  1.666e-17  6.075e-18  2.397e-17  5.581e-18  3.397e-18  9.870e-19        NaN        NaN    0.0064385      8.463     42.030      1.710  1.051e+14      1.0000000  0.8735706  -0.0991000   9.0926552  0.6745380   9.7565165  0.6836380  0.0182730  0.0178240  0.0159670  0.0177610
            LSQ13dcy    G  1.183e-17  4.331e-18  4.572e-18  1.718e-18  2.800e-18  1.052e-18  4.057e-18  1.525e-18        NaN        NaN        NaN        NaN        NaN        NaN    0.0015630        NaN     24.470      2.260  1.322e+14      1.0000000  0.0000000   0.4909000   8.6025448  2.0419731  10.0171003  0.5123280  0.0215000  0.0234630  0.0074030  0.0156170
            LSQ13dsm    S  5.635e-17  1.993e-17  1.970e-17  6.744e-18  9.702e-18  3.048e-18  2.286e-17  8.590e-18  2.491e-17  6.386e-18        NaN        NaN        NaN        NaN    0.0019219      8.629     31.000      1.440  3.410e+13      1.0000000  0.3636922   0.2755000   8.7154388  0.9455120   9.3989744  0.5716180  0.0269560  0.0198900  0.0273790  0.0162780
            LSQ14ahc    S        NaN        NaN        NaN        NaN        NaN        NaN        NaN        NaN        NaN        NaN        NaN        NaN        NaN        NaN    0.0000000        NaN     27.280      1.650  4.805e+13      1.0000000        NaN   0.1916000   9.3151474  0.5528220   9.6268454  0.6214860  0.0171800  0.0238310  0.0111510  0.0244100
            LSQ14bbv    S        NaN        NaN        NaN        NaN        NaN        NaN  4.143e-17  1.520e-17        NaN        NaN        NaN        NaN        NaN        NaN          NaN        NaN      2.760      1.550  6.352e+13      1.0000000        NaN   0.6676000   9.1248608  0.4744840   9.6050463  0.6103840  0.0311060  0.0261260  0.0345740  0.0240220
            LSQ14bjj    S  2.426e-17  9.088e-18  8.483e-18  3.188e-18  2.120e-17  7.675e-18  2.490e-18  9.356e-19  9.569e-18  2.562e-18        NaN        NaN        NaN        NaN    0.0032068      7.902     25.040      2.150  1.322e+14      1.0000000  0.2981097   0.3430000   8.0398207  1.2898279   9.0115213  0.3669830  0.0275690  0.0182240  0.0350600  0.0200990
            PS1-14rx    S  9.097e-17  3.039e-17        NaN        NaN        NaN        NaN  3.195e-17  1.201e-17  2.785e-17  7.727e-18        NaN        NaN        NaN        NaN    0.0080687      8.710     21.170      1.230  8.870e+13      1.0000000        NaN   0.1779000   7.8548560  1.2925520   8.9593620  0.7655510  0.0201020  0.0179190  0.0117010  0.0101650
            SN2004ef    S        NaN        NaN  2.129e-17  8.000e-18        NaN        NaN  1.764e-17  4.198e-18        NaN        NaN  7.995e-18  3.004e-18        NaN        NaN          NaN        NaN      0.280      0.180  1.621e+13      1.0000000        NaN  -0.1520000   8.1550102  2.4135830  10.0984058  2.5343740  0.0342870  0.0270960  0.0498350  0.0275120
            SN2004ey    S  1.475e-15  5.437e-16  5.157e-16  1.938e-16        NaN        NaN  5.678e-16  2.048e-16  6.060e-16  1.472e-16  8.718e-17  3.276e-17        NaN        NaN    0.0055533      8.632     28.130      1.210  3.765e+12      1.0000000  0.1299774  -0.3220000   8.0231628  1.7659110  10.0170870  0.5604350  0.0283920  0.0164950  0.0260250  0.0206240
            SN2004gs    S  1.358e-17  4.206e-18  4.053e-17  1.523e-17        NaN        NaN  1.391e-17  3.637e-18  4.091e-17  1.089e-17        NaN        NaN        NaN        NaN    0.0001867      8.304      1.770      0.520  1.375e+13      1.0000000  0.0000000  -0.8611000   6.8202009        NaN   6.8202009        NaN  0.0500000        NaN  0.0500000        NaN
            SN2005ag    G  7.239e-18  2.400e-18  4.915e-18  1.847e-18        NaN        NaN  4.604e-18  1.405e-18        NaN        NaN        NaN        NaN        NaN        NaN    0.0009412        NaN      9.880      1.190  1.300e+14      1.0000000  0.0000000   0.6202000   8.2111568  1.7126890  10.1328297  0.6004880  0.0266920  0.0187400  0.0151270  0.0156820
            SN2005be    G        NaN        NaN        NaN        NaN        NaN        NaN        NaN        NaN        NaN        NaN        NaN        NaN        NaN        NaN          NaN        NaN      1.980      1.650  2.269e+13      1.0000000        NaN   0.3441000   7.9091802  2.0015891   9.8785400  0.7259040  0.0208240  0.0235680  0.0072100  0.0045350
            SN2005bg    S  1.336e-14  3.961e-15  4.671e-15  1.458e-15  8.221e-16  2.309e-16  4.172e-15  1.202e-15        NaN        NaN  4.112e-16  1.041e-16        NaN        NaN    0.1405687        NaN     33.400      0.420  1.052e+13      1.0000000  1.1017016   0.9762000   8.4907665  1.2505760   9.8436003  0.6281500  0.0230790  0.0174490  0.0168800  0.0150710
            SN2005gj    G  4.742e-17  1.727e-17  1.791e-17  5.577e-18  4.726e-17  1.733e-17  4.203e-18  1.580e-18  9.756e-18  2.727e-18        NaN        NaN        NaN        NaN    0.0035569      8.124     49.560      3.800  7.501e+13      1.0000000  0.0000000  -0.2647000   7.9692540  2.4524109  10.0777740  2.7373121  0.0144370  0.0191370  0.0081070  0.0154720
            SN2005hc    S        NaN        NaN        NaN        NaN        NaN        NaN        NaN        NaN        NaN        NaN        NaN        NaN        NaN        NaN          NaN        NaN      1.260      0.820  3.842e+13      1.0000000        NaN   0.1768000   8.2436409  1.8256180  10.1178923  1.0518150  0.0231740  0.0188280  0.0118840  0.0273480
            SN2005hj    S  4.289e-16  1.394e-16  1.500e-16  5.199e-17  7.885e-17  2.462e-17  1.118e-16  3.736e-17  1.694e-16  3.846e-17  1.636e-17  4.743e-18        NaN        NaN    0.0271896      8.435     37.630      1.040  6.339e+13      1.0000000  1.2113444   0.7999000   8.7328568  1.0509911   9.8637562  0.6931760  0.0185790  0.0163810  0.0118620  0.0134680
            SN2005ir    S  1.483e-16  4.741e-17  5.185e-17  1.836e-17  3.034e-17  1.133e-17  5.408e-17  1.739e-17  4.531e-17  1.196e-17  4.748e-18  1.580e-18        NaN        NaN    0.0171495      8.732     69.340      2.290  1.157e+14      1.0000000  0.4287611   0.8791000   8.0375519  0.8370210   8.4669743  0.7874310  0.0500000  0.0000000  0.0500000  0.0000000
            SN2005ku    S  9.773e-16  2.972e-16  3.417e-16  1.038e-16  1.860e-16  5.938e-17  2.525e-16  7.918e-17  3.716e-16  7.987e-17  4.578e-17  1.522e-17        NaN        NaN    0.0380138      8.447     52.950      1.450  3.890e+13      1.0000000  0.8809028   1.0041000   8.1954393  1.0164280   9.3227510  0.8271410  0.0289370  0.0244770  0.0251220  0.0211930
            SN2005lu    S  1.108e-14  3.222e-15  3.875e-15  1.175e-15  4.636e-15  1.478e-15  3.166e-15  9.283e-16  3.617e-15  7.728e-16  5.863e-16  1.813e-16        NaN        NaN    0.1991749      8.569     85.090      1.030  1.797e+13      1.0000000  1.3504162   1.4661000   8.1927710  1.2269130  10.0265312  0.9133650  0.0131600  0.0076420  0.0108810  0.0081140
             SN2005M    S        NaN        NaN        NaN        NaN        NaN        NaN        NaN        NaN        NaN        NaN        NaN        NaN        NaN        NaN          NaN        NaN      0.000      0.000  9.486e+12      1.0000000        NaN   0.3779000   7.5699701  1.0808671   8.4739799  0.5383940  0.0146930  0.0155390  0.0251030  0.0209500
            SN2005na    S  1.331e-15  4.233e-16  4.654e-16  1.471e-16  1.295e-16  3.727e-17  5.560e-16  1.625e-16        NaN        NaN  3.850e-17  1.130e-17        NaN        NaN    0.0173711        NaN      9.470      0.300  1.305e+13      1.0000000  1.0888658   0.6032000   9.5386877  0.9627690  10.0746422  0.3611400  0.0319730  0.0190510  0.0311940  0.0179550
            SN2006br    S  1.338e-16  3.202e-17  4.679e-17  1.758e-17        NaN        NaN  1.593e-16  2.699e-17        NaN        NaN        NaN        NaN        NaN        NaN    0.0014604        NaN      1.090      0.120  1.091e+13      1.0000000  0.7109379   0.3311000   9.3770771  1.5791950  10.1894112  0.1553130  0.0333610  0.0170800  0.0396360  0.0170160
             SN2006D    S        NaN        NaN        NaN        NaN        NaN        NaN        NaN        NaN        NaN        NaN        NaN        NaN        NaN        NaN    0.0000000        NaN      2.570      0.240  1.260e+12      1.0000000        NaN   0.5428000   8.6026258  1.5390210   9.9842262  0.6255110  0.0359390  0.0227130  0.0142490  0.0188930
            SN2006ef    G        NaN        NaN        NaN        NaN        NaN        NaN        NaN        NaN        NaN        NaN        NaN        NaN        NaN        NaN    0.0000000        NaN      2.080      1.270  5.121e+12      1.0000000        NaN  -0.3336000   9.2823381  2.2018900  10.1090364  2.2018900  0.0500000  0.0000000  0.0500000  0.0000000
            SN2006ej    S        NaN        NaN        NaN        NaN        NaN        NaN        NaN        NaN        NaN        NaN        NaN        NaN        NaN        NaN    0.0000000        NaN      0.000      0.000  6.657e+12      1.0000000        NaN  -0.1455000  10.1452484  0.3687900  10.1915150  0.1508100  0.0206770  0.0272780  0.0250300  0.0294880
            SN2006eq    G  7.324e-18  2.652e-18        NaN        NaN        NaN        NaN  4.839e-18  9.451e-19  4.282e-18  1.139e-18        NaN        NaN        NaN        NaN    0.0003279      8.777     11.000      1.800  4.477e+13      1.0000000        NaN   0.6353000   7.7345791  1.8122081  10.2261286  2.3732710  0.0294270  0.0172830  0.0200960  0.0128730
            SN2006et    S        NaN        NaN        NaN        NaN        NaN        NaN        NaN        NaN        NaN        NaN        NaN        NaN        NaN        NaN          NaN        NaN      0.640      0.380  8.025e+12      1.0000000        NaN   0.8753000   9.3929281  0.5005980   9.6593809  0.3724660  0.0317070  0.0262060  0.0365100  0.0286740
            SN2006gt    X        NaN        NaN        NaN        NaN        NaN        NaN        NaN        NaN        NaN        NaN        NaN        NaN        NaN        NaN    0.0000000        NaN      0.000      0.000  3.804e+13      1.0000000        NaN   4.0000000  10.2552729        NaN  10.2552729        NaN  0.0500000        NaN  0.0500000        NaN
            SN2006hx    S        NaN        NaN        NaN        NaN        NaN        NaN        NaN        NaN        NaN        NaN        NaN        NaN        NaN        NaN          NaN        NaN      0.570      0.360  3.738e+13      1.0000000        NaN   0.6205000   9.1486120  0.6165820   9.4758902  0.3828900  0.0369630  0.0177850  0.0354620  0.0176260
            SN2006lu    S  5.193e-17  1.729e-17  1.816e-17  6.642e-18  1.013e-17  1.896e-18  2.189e-17  7.558e-18  2.707e-17  6.543e-18  8.704e-18  2.133e-18        NaN        NaN    0.0028445      8.579     17.200      1.170  5.477e+13      1.0000000  0.5586847  -0.1171000   9.4215193  0.3469260   9.5210886  0.3589980  0.0070550  0.0157400  0.0058670  0.0154340
            SN2006ob    S  1.386e-16  3.996e-17  7.634e-17  1.441e-17  1.188e-16  1.938e-17  2.334e-16  4.124e-17  1.513e-16  1.838e-17  3.872e-17  6.059e-18        NaN        NaN    0.0095584      9.040      0.610      0.140  6.898e+13      1.0000000  0.0000000  -0.0953000  10.1890116  0.2922470  10.2432404  0.1217690  0.0326530  0.0299710  0.0424510  0.0317610
            SN2006os    S  1.449e-15  4.130e-16  5.067e-16  1.698e-16  3.619e-16  4.728e-17  6.766e-16  1.805e-16  7.331e-16  2.072e-16        NaN        NaN        NaN        NaN    0.0274262      8.648     10.780      0.770  1.893e+13      1.0000000  0.7568603   0.5970000   8.2560673  2.0251150  10.0527439  0.3402000  0.0259130  0.0157110  0.0382360  0.0211210
            SN2006ot    S        NaN        NaN        NaN        NaN        NaN        NaN        NaN        NaN        NaN        NaN        NaN        NaN        NaN        NaN    0.0000000        NaN      0.350      0.240  5.426e+13      1.0000000        NaN  -0.0552000  10.0888577  0.7312690  10.2286777  0.0879270  0.0186510  0.0193620  0.0252780  0.0211040
            SN2006py    G        NaN        NaN        NaN        NaN        NaN        NaN  7.617e-18  2.862e-18        NaN        NaN  4.267e-18  1.603e-18        NaN        NaN          NaN        NaN      2.980      1.370  6.680e+13      1.0000000        NaN   0.8650000   8.3891268  1.9574180  10.0510874  0.4359760  0.0190940  0.0151290  0.0155630  0.0222750
            SN2007al    S        NaN        NaN        NaN        NaN  3.762e-17  5.731e-18        NaN        NaN        NaN        NaN        NaN        NaN        NaN        NaN          NaN        NaN      0.160      0.070  2.570e+12      1.0000000        NaN   0.1178000   9.4872351  0.4779330   9.8055830  0.3935160  0.0152610  0.0210830  0.0257150  0.0235520
            SN2007ba    S        NaN        NaN        NaN        NaN  4.877e-17  8.853e-18        NaN        NaN  5.263e-17  3.635e-18        NaN        NaN        NaN        NaN          NaN        NaN      0.630      0.400  2.772e+13      1.0000000        NaN   0.1364000   9.7469606  1.2143120  10.2210855  0.1631690  0.0337200  0.0217300  0.0427580  0.0183260
            SN2007bc    S        NaN        NaN        NaN        NaN        NaN        NaN        NaN        NaN        NaN        NaN        NaN        NaN        NaN        NaN    0.0000000        NaN      0.270      0.230  7.711e+12      1.0000000        NaN   0.4013000   7.6859221  1.5883590   9.5652409  0.6062620  0.0141060  0.0183520  0.0154220  0.0210760
            SN2007cg    S  6.284e-16  1.703e-16  2.197e-16  5.567e-17  3.801e-17  1.428e-17  2.543e-16  6.916e-17  1.951e-16  4.181e-17  3.614e-17  7.701e-18        NaN        NaN    0.0127695      8.783     20.320      0.680  2.032e+13      1.0000000  0.7485517   1.0921000   8.1774321  1.2556720   9.1461868  0.5105580  0.0321980  0.0223050  0.0334360  0.0212620
            SN2007hx    S  2.447e-18  9.060e-19        NaN        NaN        NaN        NaN  1.251e-18  3.531e-19        NaN        NaN  5.547e-19  2.084e-19        NaN        NaN    0.0003135        NaN      3.750      0.730  1.281e+14      1.0000000        NaN  -0.2252000   8.8310041  2.0677490  10.1677771  0.2325320  0.0421560  0.0185940  0.0495750  0.0060220
            SN2007mm    X        NaN        NaN        NaN        NaN        NaN        NaN        NaN        NaN        NaN        NaN        NaN        NaN        NaN        NaN    0.0000000        NaN      8.990      4.750  9.556e+13      1.0000000        NaN  -1.0000000   9.3289976  2.6556001  10.2540855  2.6556001  0.0426010  0.0212130  0.0499910  0.0212130
            SN2007ol    S        NaN        NaN        NaN        NaN  6.094e-18  2.290e-18        NaN        NaN        NaN        NaN        NaN        NaN        NaN        NaN          NaN        NaN      0.480      0.340  6.154e+13      1.0000000        NaN  -0.1346000   9.7781858  0.5366720   9.9837818  0.5709660  0.0233440  0.0284060  0.0162560  0.0294650
             SN2007S    S  4.049e-15  1.358e-15  1.416e-15  4.988e-16  2.960e-16  1.112e-16  1.333e-15  4.402e-16  1.094e-15  2.830e-16  1.206e-16  4.531e-17        NaN        NaN    0.0137020      8.729     64.880      1.540  3.384e+12      1.0000000  0.4944681   0.7478000   6.8873429  0.6117550   8.7929554  1.8882490  0.0231530  0.0289140  0.0114400  0.0238030
            SN2007so    S        NaN        NaN        NaN        NaN        NaN        NaN        NaN        NaN        NaN        NaN        NaN        NaN        NaN        NaN          NaN        NaN      0.140      0.090  1.613e+13      1.0000000        NaN  -0.0233000   9.6195145  1.6708280  10.2292833  0.2351550  0.0407520  0.0229650  0.0494790  0.0090510
            SN2008ar    G  5.812e-16  2.061e-16  2.073e-16  5.033e-17        NaN        NaN  2.196e-16  7.526e-17  1.427e-15  5.177e-16  3.518e-17  1.140e-17        NaN        NaN    0.0071995      7.803     32.440      1.610  1.239e+13      1.0000000  0.0000000   0.2161000   7.5390930  2.1597569  10.2204847  2.7941871  0.0264760  0.0243180  0.0200170  0.0159790
            SN2008cf    S        NaN        NaN  3.258e-17  1.084e-17  5.533e-17  1.982e-17        NaN        NaN        NaN        NaN        NaN        NaN        NaN        NaN          NaN        NaN      1.100      0.860  4.033e+13      1.0000000        NaN   0.1266000   8.1984177  0.8921650   8.8192902  0.7574960  0.0270220  0.0280530  0.0463100  0.0236140
            SN2008go    X        NaN        NaN        NaN        NaN        NaN        NaN        NaN        NaN        NaN        NaN        NaN        NaN        NaN        NaN    0.0000000        NaN      8.240      2.940  6.838e+13      1.0000000        NaN   0.4265000   6.4820991  0.5624360   6.3812799  0.5542410  0.0329890  0.0284390  0.0278230  0.0281510
            SN2008hj    G        NaN        NaN        NaN        NaN        NaN        NaN        NaN        NaN        NaN        NaN        NaN        NaN        NaN        NaN    0.0000000        NaN      2.720      1.970  2.679e+13      1.0000000        NaN  -1.0000000  10.1346407  2.3442390  10.2549896  2.3442390  0.0489080  0.0212130  0.0499970  0.0212130
            SN2009aa    G  7.980e-17  2.999e-17  2.790e-17  1.048e-17  4.794e-17  1.801e-17  1.174e-17  4.238e-18  4.241e-17  1.141e-17  1.503e-17  4.242e-18        NaN        NaN    0.0010815      7.981     13.180      1.210  1.355e+13      1.0000000  0.1792909  -0.4417000   8.0568962  2.6408679  10.1226950  0.4659970  0.0278300  0.0265330  0.0100880  0.0094280
             SN2009D    X        NaN        NaN        NaN        NaN        NaN        NaN        NaN        NaN        NaN        NaN        NaN        NaN        NaN        NaN    0.0000000        NaN      0.000      0.000  1.130e+13      1.0000000        NaN  -1.0000000   6.7017808  0.6646930   6.7734089  0.6646930  0.0276030  0.0212130  0.0253170  0.0212130
             SN2009I    S  8.075e-16  2.801e-16  2.823e-16  9.504e-17  8.263e-17  3.105e-17  3.200e-16  1.079e-16        NaN        NaN  3.603e-17  1.144e-17        NaN        NaN    0.0100445        NaN     27.000      0.630  1.244e+13      1.0000000  0.9762796   0.4554000   8.8312101  0.9301230   9.4848728  0.6301090  0.0259470  0.0244040  0.0204420  0.0244190
             SN2012G    X        NaN        NaN        NaN        NaN        NaN        NaN        NaN        NaN        NaN        NaN        NaN        NaN        NaN        NaN    0.0000000        NaN      4.850      3.180  1.129e+13      1.0000000        NaN  -1.0000000   6.1962490  0.6355980   6.1992140  0.8342860  0.0175930  0.0289550  0.0152750  0.0290090
            SN2012gm    S  1.459e-15  4.183e-16  5.102e-16  1.451e-16  2.626e-16  7.181e-17  5.672e-16  1.585e-16  7.924e-16  1.551e-16  1.646e-16  4.346e-17        NaN        NaN    0.0056274      8.516     15.300      0.390  3.857e+12      1.0000000  0.6354421   0.9821000   8.5440979  0.7110650   8.8179884  0.3468210  0.0233490  0.0245220  0.0266650  0.0256690
            SN2013ao    G  1.754e-17  5.818e-18  7.342e-18  1.650e-18  1.191e-17  4.318e-18        NaN        NaN        NaN        NaN        NaN        NaN        NaN        NaN    0.0006164        NaN     28.430      4.040  3.514e+13      1.0000000  0.0000000   2.2145000   6.5686970  0.9546570   8.5950603  1.8184340  0.0096860  0.0053340  0.0061340  0.0036890
            SN2013as    G  3.754e-18  1.006e-18        NaN        NaN  2.018e-18  6.888e-19        NaN        NaN        NaN        NaN        NaN        NaN        NaN        NaN    0.0003547        NaN     24.070      5.480  9.450e+13      1.0000000        NaN   0.8554000   9.5645094  2.3442390  10.2533054  2.3442390  0.0437490  0.0212130  0.0499820  0.0212130
            SN2013bz    G  1.430e-16  4.105e-17  8.173e-17  3.071e-17  5.457e-17  2.051e-17  7.269e-17  1.902e-17        NaN        NaN        NaN        NaN        NaN        NaN    0.0009349        NaN      8.100      0.680  6.538e+12      1.0000000  0.0000000   0.9261000   7.9080300  2.2087660  10.2284803  0.4587190  0.0220870  0.0229020  0.0143140  0.0088100
            SN2013fy    G  8.026e-18  3.000e-18  3.712e-18  1.395e-18  6.832e-18  1.340e-18  6.245e-18  2.169e-18        NaN        NaN        NaN        NaN        NaN        NaN    0.0001466        NaN      4.620      0.660  1.827e+13      1.0000000  0.0000000  -0.2601000   9.1144056  0.7757900   9.3581228  0.4364650  0.0411040  0.0212760  0.0473080  0.0214320
            SN2014at    S  5.073e-16  1.756e-16  1.774e-16  6.665e-17  1.126e-16  4.230e-17  2.063e-16  7.254e-17  2.647e-16  5.858e-17  4.933e-17  1.487e-17        NaN        NaN    0.0101257      8.559     18.180      0.640  1.996e+13      1.0000000  1.2856628   0.8085000   9.1405725  1.1920850   9.9986162  0.5353360  0.0232270  0.0161480  0.0184650  0.0133610
            SN2014cd    S  3.515e-15  1.143e-15  1.229e-15  4.619e-16  3.422e-16  1.150e-16  1.570e-15  5.126e-16  1.139e-15  2.665e-16  1.785e-16  5.435e-17        NaN        NaN    0.0266760      8.819     12.870      0.320  7.588e+12      1.0000000  1.1841582   0.4349000   8.8634195  1.5772940  10.1253958  0.3164460  0.0199750  0.0139850  0.0190380  0.0102920
          ASASSN13an    S  3.985e-15  1.284e-15  1.393e-15  4.469e-16  5.393e-16  1.643e-16  1.718e-15  5.546e-16        NaN        NaN  1.390e-16  4.146e-17        NaN        NaN    0.0410850        NaN     48.730      0.660  1.031e+13      1.0000000  0.3913501   0.2542000   8.5186911  1.0224431   9.6622238  0.6779240  0.0193750  0.0184590  0.0164180  0.0182770
          ASASSN13ar    S  3.103e-17  1.127e-17  1.106e-17  4.157e-18  4.444e-18  1.670e-18  8.110e-18  3.048e-18  1.750e-17  4.066e-18        NaN        NaN        NaN        NaN    0.0001734      8.282      8.690      0.700  5.589e+12      1.0000000  0.0000000   0.6233000   8.9282398  0.3484480   9.0659733  0.4155300  0.0304200  0.0255660  0.0239000  0.0243110
          ASASSN13bb    S  1.509e-16  4.883e-17  5.275e-17  1.982e-17        NaN        NaN  6.250e-17  2.322e-17  9.446e-17  1.931e-17  1.383e-17  4.812e-18        NaN        NaN    0.0008100      8.490      9.460      0.680  5.369e+12      1.0000000  0.1900970   1.1081001   7.8959832  1.0039790   8.5370054  0.3974510  0.0228040  0.0256710  0.0340960  0.0272180
          ASASSN13cj    S        NaN        NaN  8.901e-17  1.604e-17        NaN        NaN        NaN        NaN        NaN        NaN        NaN        NaN        NaN        NaN          NaN        NaN      0.050      0.030  5.751e+12      1.0000000        NaN   0.1903000   9.5411396  0.4886710   9.8112087  0.5250130  0.0254250  0.0252730  0.0220950  0.0256900
          ASASSN13cp    S  2.339e-17  8.012e-18  3.006e-17  2.824e-18  1.173e-17  2.872e-18  1.587e-17  4.665e-18        NaN        NaN  5.371e-18  2.018e-18        NaN        NaN    0.0002340        NaN      2.150      0.260  1.001e+13      1.0000000  0.0000000   0.1354000   9.6951914  0.5067360  10.0145807  0.3768800  0.0269180  0.0247820  0.0387460  0.0258200
          ASASSN13cu    S  9.412e-15  3.131e-15  3.291e-15  1.073e-15  1.721e-15  5.424e-16  3.322e-15  1.119e-15  2.751e-15  6.717e-16  2.278e-16  7.451e-17        NaN        NaN    0.1264981      8.733     95.870      1.090  1.344e+13      1.0000000  0.5239080   0.7592000   8.1344156  1.0846699   9.3919182  1.0688220  0.0171770  0.0207760  0.0196700  0.0229970
          ASASSN13dm    S  9.052e-15  2.185e-15  3.165e-15  7.970e-16  9.986e-16  2.327e-16  3.885e-15  9.481e-16  2.826e-15  4.963e-16  4.331e-16  1.008e-16        NaN        NaN    0.0463174      8.813     28.520      0.720  5.117e+12      1.0000000  1.1640911   1.2581000   9.0014973  0.5634770   9.5845528  0.6859750  0.0244680  0.0233300  0.0133910  0.0194110
          ASASSN14ad    S  5.233e-17  1.605e-17  2.435e-17  8.463e-18  1.400e-17  5.260e-18  9.623e-18  3.616e-18        NaN        NaN  6.374e-18  2.124e-18        NaN        NaN    0.0006613        NaN     13.010      0.750  1.264e+13      1.0000000  0.0000000   1.2061000   7.5873451  1.5604790   8.6581240  1.5604759  0.0266710  0.0325270  0.0489910  0.0325270
          ASASSN14ba    S  1.413e-15  4.077e-16  4.939e-16  1.468e-16  2.579e-16  9.173e-17  4.785e-16  1.360e-16  6.090e-16  1.221e-16  7.375e-17  2.231e-17        NaN        NaN    0.0277628      8.541     33.200      0.780  1.965e+13      1.0000000  0.7869049   1.2671000   8.9409428  0.4832770   9.2315292  0.5435570  0.0304910  0.0236540  0.0226690  0.0259320
          ASASSN14co    S  4.036e-16  1.326e-16  1.411e-16  4.437e-17  1.152e-16  3.663e-17  1.088e-16  3.523e-17  1.600e-16  3.909e-17  2.813e-17  9.629e-18        NaN        NaN    0.0082752      8.452     65.210      1.790  2.051e+13      1.0000000  0.6112522   0.4495000   8.6297340  0.3407800   8.7613401  0.3685720  0.0171330  0.0145960  0.0154670  0.0148070
          ASASSN14cu    S  7.586e-17  1.730e-17  3.975e-17  7.059e-18  1.446e-16  2.330e-17  7.120e-17  1.537e-17        NaN        NaN        NaN        NaN        NaN        NaN    0.0008424        NaN      0.380      0.060  1.110e+13      1.0000000  0.0000000  -0.1126000  10.0922127  0.3198510  10.1328201  0.2155370  0.0284100  0.0283330  0.0334170  0.0298540
          ASASSN14db    S  6.797e-15  2.007e-15  2.377e-15  7.354e-16  7.925e-16  2.307e-16  2.697e-15  7.923e-16  1.723e-15  3.641e-16  6.351e-17  2.387e-17        NaN        NaN    0.1783569      8.863     92.900      1.930  2.624e+13      1.0000000  0.9822521   0.3671000   8.3351822  1.2150871   9.5977640  0.5362100  0.0141410  0.0153100  0.0200350  0.0128190
          ASASSN14dz    S  4.030e-17  1.202e-17        NaN        NaN  8.315e-17  1.980e-17  3.573e-17  9.724e-18        NaN        NaN        NaN        NaN        NaN        NaN    0.0003564        NaN      0.250      0.050  8.843e+12      1.0000000        NaN   0.0377000   9.7896700  0.4098960  10.0728064  0.3185870  0.0216020  0.0209920  0.0319940  0.0217380
          ASASSN14ew    S  3.557e-16  1.130e-16  1.244e-16  2.694e-17  1.027e-16  3.622e-17  8.857e-17  2.877e-17  1.095e-13  3.350e-14  1.897e-17  7.063e-18        NaN        NaN    0.0024343    -95.253     38.040      1.420  6.844e+12      1.0000000  0.2475279   1.7378000   8.2797251  0.4949720   8.4796438  0.4949720  0.0102440  0.0113140  0.0148140  0.0113140
          ASASSN14fa    G        NaN        NaN        NaN        NaN        NaN        NaN        NaN        NaN        NaN        NaN  5.963e-18  1.443e-18        NaN        NaN          NaN        NaN      1.110      0.400  9.163e+12      1.0000000        NaN   0.2463000   9.7183781  0.3838100   9.8748159  0.2946550  0.0427000  0.0202540  0.0458840  0.0167770
          ASASSN14hr    S  1.469e-15  3.722e-16  5.138e-16  1.470e-16  1.457e-16  4.339e-17  4.927e-16  1.235e-16  3.338e-16  5.458e-17  3.978e-17  6.078e-18        NaN        NaN    0.0306613      8.816     11.470      0.440  2.087e+13      1.0000000  1.1059928   0.6475000   9.3662367  1.0298740   9.9997988  0.4155380  0.0188200  0.0171420  0.0165630  0.0165960
          ASASSN14ig    S  1.486e-16  2.744e-17  6.379e-17  1.163e-17  1.036e-16  2.089e-17  1.760e-16  3.409e-17  2.035e-16  1.809e-17        NaN        NaN        NaN        NaN    0.0022807      8.727      1.060      0.070  1.535e+13      1.0000000  0.0000000   0.4206000   9.8631706  0.9203080  10.1936445  0.2723960  0.0248990  0.0204740  0.0270500  0.0205580
          ASASSN14jc    S  5.130e-15  1.720e-15  1.794e-15  5.930e-16  5.648e-16  2.123e-16  1.969e-15  6.505e-16  1.874e-15  4.402e-16  1.852e-16  5.719e-17        NaN        NaN    0.0114814      8.682     17.440      0.420  2.238e+12      1.0000000  0.4897464   0.4269000   9.5552092  0.1629520   9.5433950  0.1629520  0.0186070  0.0325270  0.0209660  0.0325270
          ASASSN14jg    S  3.347e-15  1.159e-15  1.170e-15  3.844e-16  9.627e-16  3.216e-16  7.325e-16  2.566e-16  1.204e-15  3.037e-16  1.051e-16  3.659e-17        NaN        NaN    0.0129559      8.380     97.040      1.050  3.871e+12      1.0000000  0.4384891   0.5126000   8.0843859  0.8891370   8.5198450  0.5397230  0.0232260  0.0230430  0.0157870  0.0153010
          ASASSN14jz    S  6.070e-16  2.055e-16  2.200e-16  6.814e-17  2.099e-16  6.825e-17  5.181e-17  1.597e-17  2.319e-16  5.557e-17  3.143e-17  1.122e-17        NaN        NaN    0.0025864      7.791     67.970      1.690  4.261e+12      1.0000000  0.0000000   0.9927000   7.4289742  0.9227470   8.2481127  0.7144510  0.0107300  0.0174620  0.0264710  0.0300690
          ASASSN14kq    S  3.208e-16  1.066e-16  1.122e-16  4.214e-17  1.594e-16  5.989e-17  5.020e-17  1.763e-17  1.300e-16  3.442e-17  2.321e-17  8.721e-18        NaN        NaN    0.0066847      8.142     33.360      1.640  2.084e+13      1.0000000  1.0194947   0.5138000   8.8127766  0.1694560   8.8415527  0.1687020  0.0475250  0.0135630  0.0479150  0.0123530
          ASASSN14kr    S  2.565e-16  8.796e-17  8.969e-17  3.047e-17  1.116e-16  3.745e-17  3.560e-17  1.221e-17  1.225e-16  3.107e-17  2.957e-17  6.814e-18        NaN        NaN    0.0008834      7.997     16.220      0.560  3.444e+12      1.0000000  0.2395021   0.4520000   7.9439158  1.5678020   9.5214767  0.5549490  0.0136580  0.0202520  0.0084780  0.0185720
          ASASSN14lp    S  6.349e-13  1.711e-13  2.220e-13  6.040e-14  4.187e-14  1.039e-14  2.091e-13  5.517e-14  1.373e-13  2.491e-14  3.001e-14  4.022e-15        NaN        NaN    0.2837016      8.828     24.410      0.280  4.469e+11      1.0000000  1.9905101   1.2406000   9.5100384  0.8106810   9.9943542  0.4162120  0.0278060  0.0236870  0.0198350  0.0226800
          ASASSN14lt    S  2.679e-18  9.925e-19  3.750e-18  1.009e-18  4.454e-18  1.237e-18  3.396e-18  1.061e-18        NaN        NaN        NaN        NaN        NaN        NaN    0.0000506        NaN      0.290      0.080  1.888e+13      1.0000000  0.0000000   0.3230000   9.4667311  0.2544890   9.5436316  0.4243200  0.0402900  0.0309480  0.0426320  0.0252000
          ASASSN14lu    S  1.048e-17  3.938e-18        NaN        NaN  1.632e-17  4.609e-18  8.681e-18  3.011e-18        NaN        NaN        NaN        NaN        NaN        NaN    0.0001387        NaN      0.290      0.070  1.323e+13      1.0000000        NaN  -0.0634000   9.5503197  0.3527800   9.6950645  0.3578800  0.0231670  0.0226870  0.0221790  0.0226800
          ASASSN14lv    S  1.068e-16  3.713e-17  3.734e-17  1.115e-17  1.304e-17  3.888e-18  3.757e-17  1.254e-17  5.442e-17  1.414e-17  6.193e-18  2.327e-18        NaN        NaN    0.0049571      8.489     24.920      1.050  4.642e+13      1.0000000  0.0533342   0.5582000   8.8445320  0.5236810   9.2015963  0.6164860  0.0274720  0.0282670  0.0214090  0.0290040
          ASASSN14mf    S  5.952e-16  2.056e-16  2.101e-16  6.750e-17  3.305e-16  1.160e-16  7.765e-17  2.702e-17  2.293e-16  5.710e-17  2.735e-17  1.028e-17        NaN        NaN    0.0105607      8.061     56.700      1.110  1.774e+13      1.0000000  0.0000000   0.8796000   8.1436291  1.0232069   8.6359816  0.6720570  0.0310430  0.0300380  0.0462160  0.0323600
          ASASSN15aj    S  2.089e-15  4.164e-16  7.304e-16  1.941e-16  1.534e-15  2.927e-16  2.254e-15  4.465e-16  1.730e-15  2.237e-16  3.447e-16  4.998e-17        NaN        NaN    0.0043434      8.900      1.200      0.060  2.079e+12      1.0000000  0.6338334   0.1107000  10.0469751  0.2454550  10.0629349  0.2224550  0.0336660  0.0270600  0.0366870  0.0257760
            LSQ12dbr    G  5.210e-17  1.958e-17  3.776e-17  1.419e-17  3.602e-17  1.353e-17        NaN        NaN  6.032e-17  8.367e-18  9.073e-18  3.336e-18        NaN        NaN    0.0003718        NaN     15.800      1.760  7.136e+12      1.0000000  0.0000000   0.6538000   6.8202009  0.0000000   6.8202009  0.0000000  0.0403950  0.0296980  0.0437310  0.0296980
            LSQ12gdj    X        NaN        NaN        NaN        NaN        NaN        NaN        NaN        NaN        NaN        NaN        NaN        NaN        NaN        NaN    0.0000000        NaN      0.000      0.000  1.647e+13      1.0000000        NaN  -1.0000000   7.9416199  2.3442390  10.2380829  2.3442390  0.0290640  0.0212130  0.0498440  0.0212130
            PTF12jgb    S  2.693e-16  9.070e-17  9.834e-17  3.318e-17  1.035e-16  3.055e-17  4.743e-17  1.547e-17  1.339e-16  3.502e-17  1.766e-17  6.339e-18        NaN        NaN    0.0038970      8.118     19.360      0.620  1.447e+13      1.0000000  0.0000000   0.5436000   8.0060196  0.8909520   8.9417286  0.8796160  0.0125630  0.0216400  0.0236550  0.0241690
             SN1986G    S  3.504e-12  1.012e-12  1.225e-12  4.604e-13        NaN        NaN  1.934e-12  5.103e-13  2.040e-12  3.956e-13  5.873e-13  1.556e-13        NaN        NaN    0.1998600      8.679      9.300      0.260  5.703e+10      1.0000000  5.7484856   0.8264000   9.7284584  0.1340950   9.7628183  0.1234400  0.0342280  0.0283970  0.0422600  0.0282300
             SN1994D    S  1.419e-13  1.333e-14  5.096e-14  4.787e-15  3.272e-14  3.074e-15  8.074e-14  7.585e-15  3.740e-14  2.511e-15  1.447e-14  1.360e-15        NaN        NaN    0.0053605      9.067      1.030      0.100  3.777e+10      1.0000000  0.0000000   0.0829000   9.8865576  1.4995340  10.2488909  0.1633710  0.0387160  0.0271710  0.0462390  0.0321130
            SN2001cp    S  1.324e-17  2.829e-18  2.348e-17  8.019e-18        NaN        NaN        NaN        NaN        NaN        NaN        NaN        NaN        NaN        NaN    0.0001193        NaN      4.170      1.540  9.008e+12      1.0000000  0.0000000  -1.0000000   8.0897980  1.6297230   8.9152546  1.7244200  0.0347470  0.0282950  0.0492600  0.0304230
            SN2001da    S  3.537e-16  1.153e-16        NaN        NaN        NaN        NaN  1.781e-16  5.250e-17  1.140e-16  2.984e-17  3.592e-17  6.418e-18        NaN        NaN    0.0018527      8.891      3.960      0.220  5.237e+12      1.0000000        NaN   0.2264000   9.7527170  0.1184340   9.7782621  0.1184340  0.0381460  0.0325270  0.0451610  0.0325270
            SN2001el    S  3.780e-14  1.291e-14  1.322e-14  4.624e-15  1.009e-14  3.312e-15  1.287e-14  4.324e-15  1.351e-14  3.350e-15  1.459e-15  5.183e-16        NaN        NaN    0.0077384      8.625     39.700      0.760  2.047e+11      1.0000000  0.5669569   0.6789000   8.9465418  0.2373520   8.9919672  0.2199760  0.0194110  0.0256110  0.0221310  0.0272100
            SN2002cr    G  1.536e-16  5.286e-17  9.886e-17  3.238e-17        NaN        NaN  2.186e-17  8.216e-18  9.414e-17  2.093e-17  3.830e-17  1.439e-17        NaN        NaN    0.0002398      7.888     24.930      2.790  1.561e+12      1.0000000  0.0000000   0.3759000   6.7899742  0.5799700   6.7653179  0.5799700  0.0483050  0.0325270  0.0469220  0.0325270
            SN2007af    S  3.306e-15  1.185e-15  1.156e-15  4.106e-16  5.784e-16  2.086e-16  5.696e-16  2.118e-16  1.385e-15  3.633e-16  1.483e-16  5.573e-17        NaN        NaN    0.0016967      8.182     38.840      1.350  5.132e+11      1.0000000  0.1673349   0.4706000   8.0319681  1.3893189   8.8524208  0.6010900  0.0324160  0.0234940  0.0288820  0.0313530
            SN2007fb    S  3.594e-16  1.201e-16  1.257e-16  3.933e-17  3.117e-17  1.171e-17  1.572e-16  5.178e-17  1.350e-16  3.674e-17  1.878e-17  7.057e-18        NaN        NaN    0.0020731      8.742     10.560      0.460  5.768e+12      1.0000000  0.6038021   0.6115000   9.2952900  0.3361720   9.3834009  0.3001610  0.0349230  0.0255820  0.0320140  0.0269550
            SN2007fs    X        NaN        NaN  4.366e-17  1.641e-17        NaN        NaN        NaN        NaN        NaN        NaN        NaN        NaN        NaN        NaN          NaN        NaN      2.950      1.240  5.234e+12      1.0000000        NaN  -0.8504000   6.8217750  0.0847230   6.8221569  0.0847230  0.0496060  0.0212130  0.0495100  0.0212130
            SN2007le    S  1.659e-14  5.630e-15  5.800e-15  1.898e-15  1.574e-15  3.643e-16  6.966e-15  2.416e-15  6.049e-15  1.517e-15  8.839e-16  2.612e-16        NaN        NaN    0.0129229      8.732     13.660      0.250  7.790e+11      1.0000000  0.7347292   0.1280000   9.2997150  0.3942770   9.4054642  0.3463810  0.0313310  0.0286630  0.0267970  0.0291440
            SN2007sr    X        NaN        NaN        NaN        NaN        NaN        NaN        NaN        NaN        NaN        NaN        NaN        NaN        NaN        NaN          NaN        NaN      4.680      3.900  5.044e+11      1.0000000        NaN   2.5184000   9.7958803        NaN   9.7958803        NaN  0.0500000        NaN  0.0500000        NaN
            SN2008dh    S  8.313e-16  2.859e-16  2.907e-16  9.918e-17  3.523e-16  1.264e-16  1.385e-16  4.754e-17  2.439e-16  6.158e-17  1.730e-17  6.502e-18        NaN        NaN    0.0211854      8.319    164.190      3.550  2.549e+13      1.0000000  0.6007898   0.7559000   7.7886262  2.7098629  10.1443138  0.5605960  0.0079970  0.0002800  0.0080000  0.0000250
            SN2008fp    S  2.768e-15  7.550e-16  9.677e-16  2.424e-16  4.194e-15  8.279e-16  2.519e-15  6.596e-16  1.858e-15  3.571e-16  2.827e-16  8.527e-17        NaN        NaN    0.0018846      8.897      4.220      0.300  6.809e+11      1.0000000  0.4013553   0.8785000   8.8780527  1.3520150  10.0298300  0.4079400  0.0169790  0.0161500  0.0234900  0.0184120
            SN2008ia    S  3.919e-17  1.312e-17  4.733e-17  8.401e-18  4.938e-17  1.302e-17  6.352e-17  1.661e-17        NaN        NaN        NaN        NaN        NaN        NaN    0.0003593        NaN      0.400      0.060  9.170e+12      1.0000000  0.0000000   0.1995000   9.2895250  1.2665960  10.0448141  0.3846790  0.0403070  0.0204230  0.0472880  0.0131930
             SN2008J    S  2.400e-14  7.657e-15  8.392e-15  2.767e-15  1.652e-15  4.817e-16  8.179e-15  2.510e-15  5.900e-15  1.286e-15  9.087e-16  2.184e-16        NaN        NaN    0.1067678      8.790     29.330      0.470  4.449e+12      1.0000000  1.8880763   1.0997000   8.6772928  1.0778310   9.4584236  0.6168640  0.0213580  0.0216680  0.0156120  0.0204650
            SN2009ig    G        NaN        NaN        NaN        NaN        NaN        NaN        NaN        NaN        NaN        NaN        NaN        NaN        NaN        NaN    0.0000000        NaN      0.170      0.100  1.190e+12      1.0000000        NaN   0.2524000   9.9429989  0.3248400   9.9468365  0.3248400  0.0352690  0.0325270  0.0348840  0.0325270
            SN2009le    S  5.847e-15  1.954e-15  2.044e-15  6.294e-16  4.290e-16  1.125e-16  2.247e-15  7.376e-16  1.581e-15  3.731e-16  2.428e-16  6.916e-17        NaN        NaN    0.0328371      8.815     37.870      0.630  5.616e+12      1.0000000  1.1099968   0.8257000   8.8674889  0.5699830   9.4688711  0.6554580  0.0215260  0.0217300  0.0160200  0.0202260
            SN2009nr    X        NaN        NaN  9.345e-17  3.200e-17        NaN        NaN        NaN        NaN        NaN        NaN        NaN        NaN        NaN        NaN          NaN        NaN      2.370      1.170  2.198e+12      1.0000000        NaN   1.7194999   8.7363415  2.1577139   9.6173334  2.2117009  0.0056580  0.0053280  0.0040200  0.0048220
             SN2010A    S  4.550e-15  1.534e-15  1.591e-15  5.388e-16  4.759e-16  1.720e-16  1.491e-15  5.084e-16  1.447e-15  3.642e-16  1.200e-16  4.268e-17        NaN        NaN    0.0348349      8.655     71.800      0.960  7.656e+12      1.0000000  0.4763827   0.5776000   7.7341299  1.0980000   8.7394924  0.5792940  0.0241010  0.0217320  0.0202180  0.0238200
            SN2010ev    S  1.237e-14  4.255e-15  4.325e-15  1.401e-15  6.375e-16  2.001e-16  3.881e-15  1.345e-15  2.777e-15  6.934e-16  2.435e-16  9.149e-17        NaN        NaN    0.0182131      8.784     24.830      0.370  1.473e+12      1.0000000  0.7715239   0.3596000   9.0507164  0.4582460   9.4121637  0.5504190  0.0284780  0.0249560  0.0298500  0.0250690
            SN2012cg    S  4.479e-13  1.372e-13  1.566e-13  4.794e-14  5.039e-14  1.330e-14  1.603e-13  5.043e-14  1.550e-13  3.488e-14  2.054e-14  5.123e-15        NaN        NaN    0.0162003      8.667     16.600      0.410  3.617e+10      1.0000000  1.1112530   0.4030000   8.9783077  0.3603630   9.0824356  0.4339060  0.0448990  0.0207760  0.0393220  0.0271350
            SN2012cu    S  4.428e-15  1.451e-15  1.548e-15  4.588e-16  1.594e-15  5.063e-16  2.041e-15  6.951e-16  2.789e-15  6.582e-16  4.508e-16  1.433e-16        NaN        NaN    0.0011001      8.546      5.630      0.270  2.485e+11      1.0000000  0.7831224   0.3777000   9.6587000  0.1698610   9.7319527  0.2713300  0.0175380  0.0158050  0.0238180  0.0201730
            SN2012fw    S  5.771e-16  2.071e-16  2.018e-16  6.784e-17  1.259e-16  4.420e-17  1.545e-16  5.661e-17        NaN        NaN  1.653e-17  6.183e-18        NaN        NaN    0.0035496        NaN     31.830      0.750  6.150e+12      1.0000000  0.3237663   0.3761000   8.6420879  1.0761660   9.3706312  0.5040530  0.0224730  0.0215060  0.0169790  0.0233830
            SN2012hd    S  2.851e-15  6.090e-16  9.967e-16  2.224e-16  1.464e-15  3.279e-16  1.607e-15  3.339e-16  1.884e-15  2.904e-16  2.513e-16  6.161e-17        NaN        NaN    0.0071755      8.635     11.210      0.280  2.517e+12      1.0000000  0.2558863   0.5400000   8.7799845  1.7336100  10.1523466  0.3498630  0.0225750  0.0161020  0.0214730  0.0155880
            SN2012hr    X        NaN        NaN        NaN        NaN        NaN        NaN        NaN        NaN        NaN        NaN        NaN        NaN        NaN        NaN    0.0000000        NaN      3.370      2.470  1.107e+12      1.0000000        NaN  -1.0000000  10.2552729        NaN  10.2552729        NaN  0.0500000        NaN  0.0500000        NaN
            SN2012ht    X        NaN        NaN        NaN        NaN        NaN        NaN        NaN        NaN        NaN        NaN        NaN        NaN        NaN        NaN    0.0000000        NaN      1.970      0.430  2.167e+11      1.0000000        NaN   0.9970000   7.9705939  1.9542691   9.8384752  0.4561750  0.0269660  0.0177140  0.0390530  0.0210680
            SN2013aa    X        NaN        NaN        NaN        NaN        NaN        NaN        NaN        NaN        NaN        NaN        NaN        NaN        NaN        NaN    0.0000000        NaN      0.000      0.000  2.739e+11      1.0000000        NaN  -0.0823000  10.2459364  2.3442390  10.2552509  2.3442390  0.0499160  0.0212130  0.0500000  0.0212130
            SN2011iy    S  6.003e-15  1.371e-15  2.099e-15  5.024e-16  2.337e-15  5.060e-16  4.883e-15  1.152e-15  4.841e-15  8.545e-16  1.043e-15  2.711e-16        NaN        NaN    0.0019022      8.751      2.180      0.120  3.169e+11      1.0000000  0.3569239   0.2840000   9.6138792  0.5278860   9.8957987  0.3863130  0.0252300  0.0252980  0.0340160  0.0275170
            PTF12iiq    S  8.447e-18  2.765e-18        NaN        NaN        NaN        NaN        NaN        NaN        NaN        NaN        NaN        NaN        NaN        NaN    0.0001306        NaN      0.410      0.110  1.546e+13      1.0000000        NaN  -0.0405000   9.9328241  0.4196000  10.0701370  0.3309080  0.0167320  0.0227680  0.0146530  0.0182170
         ASASSN-15hg    S  1.190e-17  3.260e-18  1.488e-17  2.069e-18  6.639e-18  2.495e-18  7.482e-18  2.036e-18        NaN        NaN        NaN        NaN        NaN        NaN    0.0002025        NaN      2.320      0.340  1.701e+13      1.0000000  0.0000000   0.3009000   9.3171692  0.5044510   9.5131550  0.3575750  0.0346300  0.0191420  0.0287800  0.0204650
         ASASSN-15ho    S  1.427e-16  5.111e-17  4.990e-17  1.829e-17  5.036e-17  1.800e-17  2.973e-17  1.029e-17  5.160e-17  1.247e-17  8.462e-18  2.590e-18        NaN        NaN    0.0046138      8.351     76.760      2.690  3.233e+13      1.0000000  0.4645017   0.9596000   6.8202009        NaN   6.8202009        NaN  0.0080000        NaN  0.0080000        NaN
CSS121114_090202+101    G  5.690e-17  2.016e-17  1.989e-17  7.476e-18  2.564e-17  5.573e-18  1.774e-17  3.022e-18  3.170e-17  8.504e-18  6.858e-18  2.577e-18        NaN        NaN    0.0014647      8.384     13.090      0.950  2.574e+13      1.0000000  0.9690940   1.2559000   7.0052218  1.1444160   8.1983461  1.1918600  0.0111730  0.0246700  0.0370800  0.0292900
CSS130317_082848+293    X        NaN        NaN        NaN        NaN  4.531e-18  1.253e-18        NaN        NaN        NaN        NaN        NaN        NaN        NaN        NaN          NaN        NaN     30.880     15.940  1.322e+14      1.0000000        NaN   4.0000000  10.2552729        NaN  10.2552729        NaN  0.0500000        NaN  0.0500000        NaN
           iPTF13dge    X        NaN        NaN        NaN        NaN        NaN        NaN        NaN        NaN        NaN        NaN        NaN        NaN        NaN        NaN    0.0000000        NaN      0.560      0.450  4.437e+12      1.0000000        NaN  -0.9703000   8.9565477        NaN   8.9565477        NaN  0.0500000        NaN  0.0500000        NaN
            LSQ12fmx    G        NaN        NaN        NaN        NaN        NaN        NaN        NaN        NaN        NaN        NaN        NaN        NaN        NaN        NaN    0.0000000        NaN      2.950      2.180  9.110e+13      1.0000000        NaN  -1.0000000   8.7798796  2.3442390  10.2492847  2.3442390  0.0366490  0.0212130  0.0499460  0.0212130
            LSQ12fuk    S  5.096e-16  1.775e-16  1.782e-16  5.782e-17  1.150e-16  4.321e-17  4.806e-17  1.789e-17        NaN        NaN  3.305e-17  1.206e-17        NaN        NaN    0.0036363        NaN     18.660      0.500  7.136e+12      1.0000000  0.1513137   1.0641000   7.9878111  1.0414650   8.6251278  0.7407690  0.0285210  0.0276990  0.0460200  0.0320180
            LSQ13crf    S  1.416e-15  4.803e-16  4.949e-16  1.696e-16  1.152e-15  4.055e-16  1.345e-16  4.380e-17  3.848e-16  9.190e-17  3.852e-17  1.223e-17        NaN        NaN    0.0649155      8.037    179.300      1.590  4.586e+13      1.0000000  0.0922102   0.5422000   7.6303530  0.9601810   8.4008112  0.8356800  0.0118330  0.0166490  0.0278120  0.0241940
            LSQ13cwp    G        NaN        NaN        NaN        NaN  2.384e-18  8.958e-19        NaN        NaN        NaN        NaN        NaN        NaN        NaN        NaN          NaN        NaN      2.260      1.500  8.739e+13      1.0000000        NaN   0.4901000   9.8200932  0.3574680  10.0888548  0.4249530  0.0226290  0.0239070  0.0399960  0.0263210
            LSQ14act    G  9.103e-18  2.520e-18        NaN        NaN        NaN        NaN  9.098e-18  2.514e-18        NaN        NaN        NaN        NaN        NaN        NaN    0.0006081        NaN      3.520      1.090  6.680e+13      1.0000000        NaN   1.6711000   9.6283894        NaN   9.6283894        NaN  0.0040000        NaN  0.0040000        NaN
            LSQ14aeg    G  3.219e-18  7.648e-19  4.171e-18  1.101e-18  6.366e-18  1.637e-18  2.840e-18  5.729e-19        NaN        NaN        NaN        NaN        NaN        NaN    0.0002661        NaN      3.160      0.880  8.268e+13      1.0000000  0.0000000   0.2125000   9.4110079  0.6475090  10.0061226  0.7881940  0.0329300  0.0206650  0.0251260  0.0195540
            LSQ14age    G  8.544e-18  2.581e-18        NaN        NaN        NaN        NaN  3.014e-18  1.021e-18        NaN        NaN        NaN        NaN        NaN        NaN    0.0011433        NaN     21.150      3.670  1.338e+14      1.0000000        NaN   2.0813000   6.0000000        NaN   6.0000000        NaN  0.0500000        NaN  0.0500000        NaN
            LSQ14ahm    S  1.200e-16  4.381e-17  4.788e-17  1.799e-17  1.310e-16  4.738e-17  3.803e-18  1.429e-18  2.129e-17  5.668e-18  2.782e-18  1.045e-18        NaN        NaN    0.0057682      7.433     60.530      2.120  4.805e+13      1.0000000  0.0000000   0.4795000   8.0035248  0.9832510   8.8392677  0.7984840  0.0100980  0.0086610  0.0084120  0.0098360
             LSQ14xi    S  7.391e-16  2.401e-16  2.584e-16  9.333e-17  7.396e-17  2.468e-17  2.807e-16  8.437e-17  2.191e-16  4.826e-17  4.464e-17  6.072e-18        NaN        NaN    0.0355166      8.768     28.880      1.380  4.805e+13      1.0000000  1.1161802   0.9071000   9.1296053  0.4773510   9.5437279  0.6073640  0.0256320  0.0253100  0.0185280  0.0234310
            PS1-14ra    G  1.074e-16  3.599e-17  4.027e-17  1.513e-17        NaN        NaN  4.542e-17  1.707e-17  3.119e-17  8.754e-18        NaN        NaN        NaN        NaN    0.0015020      8.838      8.750      0.710  1.399e+13      1.0000000  0.0000000   1.4421999   9.7958803        NaN   9.7958803        NaN  0.0500000        NaN  0.0500000        NaN
             PS15aez    S  1.542e-16  4.807e-17  5.393e-17  1.887e-17  1.658e-17  5.732e-18  6.391e-17  2.189e-17  5.573e-17  1.312e-17  1.133e-17  2.503e-18        NaN        NaN    0.0082433      8.729     13.350      0.940  5.344e+13      1.0000000  0.5881008   0.0282000   9.5177364  0.2395580   9.5236263  0.1994940  0.0214150  0.0313950  0.0228900  0.0319450
              PS15mt    S  7.482e-17  2.411e-17  2.616e-17  8.546e-18  4.595e-17  1.557e-17  1.022e-17  3.626e-18  2.304e-17  5.216e-18  3.553e-18  1.335e-18        NaN        NaN    0.0076253      8.188     72.210      2.190  1.019e+14      1.0000000  0.0864438   0.9175000   7.7684088  1.3046390   8.6541510  1.3372780  0.0274900  0.0312090  0.0487220  0.0323070
PSNJ07250042+2347030    S  1.321e-15  4.408e-16  4.619e-16  1.470e-16  2.335e-16  6.723e-17  6.064e-16  2.009e-16  3.796e-16  1.072e-16  7.952e-17  2.442e-17        NaN        NaN    0.0078997      8.890     34.490      0.680  5.980e+12      1.0000000  0.7344205   0.5159000   9.0927792  0.4227040   9.4288263  0.5655740  0.0081100  0.0056440  0.0073410  0.0038010
PSNJ10292799+2200468    G  4.060e-17  1.517e-17  1.420e-17  4.576e-18  2.775e-17  8.564e-18  1.441e-17  5.416e-18  1.773e-17  4.813e-18        NaN        NaN        NaN        NaN    0.0023388      8.561     20.550      1.690  5.760e+13      1.0000000  1.0469106   3.0328000   6.0000000        NaN   6.0000000        NaN  0.0200000        NaN  0.0200000        NaN
            PTF11qmo    G  1.566e-18  5.885e-19        NaN        NaN        NaN        NaN        NaN        NaN        NaN        NaN        NaN        NaN        NaN        NaN    0.0000922        NaN      9.100      3.310  5.885e+13      1.0000000        NaN   4.0000000  10.2552729        NaN  10.2552729        NaN  0.0500000        NaN  0.0500000        NaN
            PTF11qpc    G  5.889e-18  2.213e-18  2.674e-18  1.005e-18        NaN        NaN        NaN        NaN  3.723e-18  9.898e-19        NaN        NaN        NaN        NaN    0.0009792        NaN     24.140      3.490  1.663e+14      1.0000000  0.0000000   0.0647000   8.8367167  0.1711030   8.8686943  0.1738790  0.0488560  0.0078720  0.0492990  0.0066010
            PTF11qri    G  4.170e-17  1.490e-17  1.458e-17  5.479e-18  2.520e-17  9.468e-18  8.205e-18  3.083e-18  9.777e-18  2.723e-18  3.821e-18  1.436e-18        NaN        NaN    0.0037908      8.507     50.490      4.840  9.090e+13      1.0000000  0.4130779  -0.6206000  10.2552729        NaN  10.2552729        NaN  0.0500000        NaN  0.0500000        NaN
            SN2013da    S  2.861e-15  9.431e-16  1.000e-15  3.311e-16  4.871e-16  1.552e-16  1.193e-15  4.000e-16        NaN        NaN  1.065e-16  3.430e-17        NaN        NaN    0.0310677        NaN     46.740      0.550  1.086e+13      1.0000000  0.5621153   0.3442000   8.6773252  1.2260920   9.7324152  0.6061330  0.0161290  0.0193530  0.0134020  0.0185910
            SN2014dm    S  1.438e-16  4.610e-17  5.027e-17  1.325e-17  3.712e-17  8.319e-18  7.389e-17  2.343e-17  6.563e-17  1.283e-17  1.703e-17  3.735e-18        NaN        NaN    0.0028860      8.746      7.520      0.360  2.007e+13      1.0000000  0.4159549   0.5026000   9.0265245  0.4569550   9.3414564  0.3747110  0.0259490  0.0181020  0.0351390  0.0196360
             SN2015H    S  6.908e-15  2.315e-15  2.415e-15  7.463e-16  3.555e-16  1.081e-16  2.406e-15  8.157e-16  2.021e-15  4.846e-16  1.221e-16  4.559e-17        NaN        NaN    0.0187709      8.725     43.970      0.730  2.717e+12      1.0000000  0.7531459   0.5843000   8.0010586  1.3406910   9.8124952  1.1175849  0.0219190  0.0166170  0.0136080  0.0227630
             NGC1060    S  2.498e-16  2.346e-17  4.346e-16  4.083e-17  1.581e-16  1.485e-17  1.601e-16  2.848e-17        NaN        NaN  3.604e-17  9.269e-18        NaN        NaN    0.0013261        NaN      0.330      0.060  5.309e+12      1.0000000  0.0000000   0.7912000   8.5843792  2.2834499  10.2478018  2.3484521  0.0358490  0.0205830  0.0499360  0.0206720
             SN2005P    S  4.753e-15  1.629e-15  1.662e-15  5.967e-16  1.770e-15  6.382e-16  8.783e-16  3.090e-16  1.596e-15  4.029e-16  2.410e-16  5.837e-17        NaN        NaN    0.0074197      8.317     56.180      1.300  1.561e+12      1.0000000  0.3821974   1.5660000   8.1763458  0.5690290   8.4392042  0.5036330  0.0175770  0.0305550  0.0326750  0.0323000
            SN2007hj    S  2.625e-17  9.863e-18        NaN        NaN  6.638e-17  2.494e-17        NaN        NaN        NaN        NaN        NaN        NaN        NaN        NaN    0.0000918        NaN      0.330      0.100  3.499e+12      1.0000000        NaN  -0.0175000   9.3263550  1.6504101  10.2276440  0.9185530  0.0401610  0.0231670  0.0490880  0.0289350
          ASASSN13dd    S        NaN        NaN        NaN        NaN  2.056e-16  1.932e-17        NaN        NaN        NaN        NaN  2.248e-17  7.414e-18        NaN        NaN          NaN        NaN      0.000      0.000  2.757e+12      1.0000000        NaN  -0.2286000  10.1633711  0.0999350  10.1455088  0.0999350  0.0339120  0.0325270  0.0397260  0.0325270
            SN2008hv    G        NaN        NaN        NaN        NaN        NaN        NaN        NaN        NaN        NaN        NaN        NaN        NaN        NaN        NaN    0.0000000        NaN      0.270      0.140  3.237e+12      1.0000000        NaN   0.0302000   7.6325979  1.8073450  10.2235241  2.3932769  0.0352460  0.0190460  0.0201700  0.0165310
            LSQ12hzj    S        NaN        NaN  1.483e-17  5.574e-18        NaN        NaN        NaN        NaN        NaN        NaN        NaN        NaN        NaN        NaN          NaN        NaN      0.130      0.070  2.075e+13      1.0000000        NaN   0.4700000   8.9993477  0.7812560   9.3835201  0.3474260  0.0225760  0.0155770  0.0229920  0.0113250
            SN2002ha    S  3.659e-16  1.304e-16  1.279e-16  3.985e-17  6.157e-17  2.314e-17  1.819e-16  6.093e-17  2.111e-16  4.852e-17  4.200e-17  1.217e-17        NaN        NaN    0.0012684      8.625     10.720      0.500  3.467e+12      1.0000000  0.3188431   0.0897000   9.7618122  0.6633330  10.1490097  0.2935060  0.0216150  0.0245760  0.0369650  0.0247340
            SN2006cm    S  1.049e-14  3.349e-15  3.666e-15  1.205e-15  1.399e-15  4.040e-16  4.846e-15  1.536e-15  3.902e-15  9.066e-16  6.916e-16  1.771e-16        NaN        NaN    0.0494894      8.777     16.490      0.310  4.720e+12      1.0000000  2.2590907   1.8992000   8.7032738  1.9657580  10.2064104  0.2576750  0.0155670  0.0127490  0.0108250  0.0064590
             SN2006E    X  1.543e-15  2.136e-16        NaN        NaN        NaN        NaN  4.977e-16  1.576e-16        NaN        NaN        NaN        NaN        NaN        NaN    0.0001919        NaN      2.140      0.520  1.244e+11      1.0000000        NaN   0.2409000   7.2160540  1.1830850   9.2878704  1.5744730  0.0251210  0.0228060  0.0345030  0.0289490
            SN2009ds    S  2.290e-15  7.787e-16  8.007e-16  2.756e-16  1.586e-16  4.815e-17  8.832e-16  2.985e-16        NaN        NaN  4.916e-17  1.349e-17        NaN        NaN    0.0150733        NaN     22.630      0.470  6.582e+12      1.0000000  0.8769545   0.1095000   8.8869076  1.4264920  10.0608130  0.3706360  0.0169290  0.0149500  0.0226030  0.0211920
            SN2009mz    S  1.256e-14  4.435e-15  4.391e-15  1.468e-15  3.153e-15  1.081e-15  3.567e-15  1.281e-15  4.494e-15  1.157e-15  4.673e-16  1.702e-16        NaN        NaN    0.0160170      8.525     73.710      0.960  1.275e+12      1.0000000  0.4489374   0.3725000   8.1220884  0.9837230   8.5923271  0.5784130  0.0271390  0.0294960  0.0430700  0.0324200
            SN2012et    S  5.316e-16  1.771e-16  1.859e-16  6.647e-17  8.684e-17  3.126e-17  2.038e-16  6.584e-17        NaN        NaN  2.257e-17  8.481e-18        NaN        NaN    0.0060023        NaN     47.460      1.230  1.129e+13      1.0000000  0.8062240   1.0007000   7.7960329  0.8823220   8.6639528  0.7078220  0.0192260  0.0180090  0.0298360  0.0255910
            SN2013aj    S  1.767e-16  6.639e-17  8.182e-17  1.985e-17  2.331e-16  4.841e-17  4.318e-16  1.377e-16  2.278e-16  6.141e-17        NaN        NaN        NaN        NaN    0.0002482      9.216      0.540      0.060  1.405e+12      1.0000000  0.0000000   0.2058000   9.6054478  0.1999140   9.6669254  0.2033180  0.0291730  0.0280790  0.0374420  0.0261600
          SN20080612    G  1.029e-16  3.228e-17  3.598e-17  1.162e-17        NaN        NaN  4.313e-17  1.323e-17  5.469e-17  1.070e-17        NaN        NaN        NaN        NaN    0.0020112      8.567     12.260      0.850  1.954e+13      1.0000000  0.3206032   0.9288000   8.1827736  1.9573590   9.9373417  0.4357190  0.0312150  0.0193320  0.0316110  0.0204440
            SN2002jg    S  3.779e-15  1.184e-15  1.321e-15  4.175e-16  7.896e-16  2.372e-16  1.352e-15  4.210e-16  1.581e-15  3.452e-16  1.978e-16  6.453e-17        NaN        NaN    0.0165215      8.584     32.960      0.700  4.372e+12      1.0000000  1.6540601   0.8825000   8.8263741  0.5964740   9.0381002  0.6398500  0.0430040  0.0307880  0.0329410  0.0318660
             NGC7469    S  4.683e-16  1.268e-16  1.637e-16  4.739e-17  2.538e-16  4.684e-17  3.585e-16  9.070e-17  3.389e-16  6.980e-17  6.178e-17  1.911e-17        NaN        NaN    0.0022038      8.765      4.910      0.320  4.706e+12      1.0000000  0.2561576   0.3057000   9.1292601  1.2268870  10.1576490  0.4856080  0.0161830  0.0138160  0.0106840  0.0090580
             NGC7742    S  1.904e-13  6.214e-14  6.659e-14  2.163e-14  2.285e-14  6.867e-15  8.710e-14  2.886e-14  5.692e-14  1.333e-14  3.932e-15  1.250e-15        NaN        NaN    0.0990392      8.869     60.470      0.880  5.201e+11      1.0000000  0.6161529   0.3536000   8.9397621  0.5845380   9.3766670  0.4553800  0.0289840  0.0223700  0.0315450  0.0214850
            SN1998dq    S  2.483e-17  8.276e-18  1.452e-17  4.617e-18  3.004e-18  9.504e-19  1.005e-17  3.372e-18  8.343e-18  1.981e-18  1.123e-18  2.339e-19        NaN        NaN    0.0000524      8.748     26.200      0.740  2.110e+12      1.0000000  0.0000000  -1.0000000   7.9393730  1.2723880   8.5718365  1.2943450  0.0307160  0.0209770  0.0219100  0.0203580
            SN2000do    S  1.098e-14  3.529e-15  3.841e-15  1.160e-15  8.213e-16  2.409e-16  4.099e-15  1.286e-15  2.862e-15  6.417e-16  4.554e-16  1.048e-16        NaN        NaN    0.0231756      8.815     19.660      0.390  2.110e+12      1.0000000  1.4243841   0.7162000   9.2168446  0.3064490   9.3347826  0.3149410  0.0154570  0.0220630  0.0162260  0.0233460
            LSQ12hnx    G  1.043e-18  2.030e-19        NaN        NaN  8.226e-19  2.600e-19        NaN        NaN        NaN        NaN        NaN        NaN        NaN        NaN    0.0006254        NaN     46.160     12.350  5.998e+14      1.0000000        NaN  -1.0000000   7.8024049  2.3442390  10.2341318  2.3442390  0.0278040  0.0212130  0.0498090  0.0212130
            LSQ13dhj    S  3.944e-17  1.460e-17  1.379e-17  4.874e-18  3.820e-18  1.436e-18  1.165e-17  4.379e-18  1.218e-17  3.267e-18  1.760e-18  6.612e-19        NaN        NaN    0.0073321      8.611     48.630      2.060  1.859e+14      1.0000000  0.5893236   0.0655000   9.1099100  0.4770960   9.3321733  0.5064310  0.0248290  0.0237120  0.0185980  0.0269870
             LSQ14ie    G  4.550e-18  1.609e-18  1.676e-18  6.298e-19  4.321e-18  5.430e-19        NaN        NaN  4.817e-18  1.379e-18  2.260e-18  8.493e-19        NaN        NaN    0.0007684        NaN     20.660      2.670  1.689e+14      1.0000000  0.0000000   0.2556000   7.3389282  2.9077590  10.0630112  2.6633821  0.0160950  0.0084810  0.0081500  0.0077670
            SN2006fw    S        NaN        NaN        NaN        NaN        NaN        NaN        NaN        NaN        NaN        NaN        NaN        NaN        NaN        NaN          NaN        NaN      5.830      3.450  1.395e+14      1.0000000        NaN   1.1722000   8.0732222  1.2425200   9.9170847  0.9161030  0.0151000  0.0097150  0.0098480  0.0064220
          ASASSN14me    S  2.452e-15  8.063e-16  8.573e-16  2.655e-16  1.371e-15  4.498e-16  2.491e-16  8.322e-17  8.920e-16  2.156e-16  1.123e-16  3.878e-17        NaN        NaN    0.0141015      7.937     58.460      0.600  5.751e+12      1.0000000  0.2490728   0.6596000   8.0314417  0.8319310   8.3830357  0.5028260  0.0093320  0.0163060  0.0083170  0.0120890
            SN2011ha    X        NaN        NaN        NaN        NaN        NaN        NaN        NaN        NaN        NaN        NaN        NaN        NaN        NaN        NaN    0.0000000        NaN      6.400      3.510  1.885e+14      1.0000000        NaN   0.1580000   9.9086580  2.9089971  10.1130724  2.9089971  0.0479040  0.0296980  0.0499910  0.0296980
          ASASSN13ch    S  4.071e-16  1.349e-16  1.423e-16  5.348e-17  1.562e-16  4.388e-17  4.997e-17  1.687e-17  2.005e-16  5.260e-17  4.201e-17  1.386e-17        NaN        NaN    0.0018760      7.905     20.670      0.700  4.609e+12      1.0000000  0.4260726  -0.2527000   9.0091152  0.8146650   9.4156570  0.5314300  0.0165010  0.0208250  0.0130690  0.0237690
            SN2004do    S  2.817e-14  9.598e-15  9.850e-15  3.132e-15  1.121e-14  3.747e-15  8.527e-15  2.858e-15  1.162e-14  2.824e-15  1.750e-15  5.904e-16        NaN        NaN    0.0361074      8.499     61.090      0.770  1.282e+12      1.0000000  0.6355584   0.7154000   8.2672262  1.2968830   9.8205795  1.3042541  0.0285280  0.0274290  0.0126630  0.0288540
            SN2009iw    S  7.176e-16  2.335e-16  2.509e-16  7.156e-17  2.644e-16  6.138e-17  3.539e-16  1.083e-16  2.989e-16  6.745e-17  7.292e-17  1.743e-17        NaN        NaN    0.0032030      8.763     12.240      0.460  4.464e+12      1.0000000  0.4436646   0.6941000   9.1920452  0.7474940   9.9786444  0.5147650  0.0424070  0.0146210  0.0351310  0.0168430
            SN2013az    X        NaN        NaN        NaN        NaN        NaN        NaN        NaN        NaN        NaN        NaN        NaN        NaN        NaN        NaN    0.0000000        NaN      0.000      0.000  2.589e+13      1.0000000        NaN   1.7811000  10.2552729        NaN  10.2552729        NaN  0.0500000        NaN  0.0500000        NaN
          ASASSN14lw    X        NaN        NaN  1.122e-17  2.987e-18        NaN        NaN        NaN        NaN        NaN        NaN        NaN        NaN        NaN        NaN          NaN        NaN      7.570      3.340  7.791e+12      1.0000000        NaN  -1.0000000   6.3634300  0.7071070   6.3517699  0.7071070  0.0207180  0.0325270  0.0201810  0.0325270
              PS15mb    X        NaN        NaN        NaN        NaN        NaN        NaN        NaN        NaN        NaN        NaN        NaN        NaN        NaN        NaN          NaN        NaN      1.490      0.960  1.546e+13      1.0000000        NaN   1.0528001  10.2552729  0.0000000  10.2552729  0.0000000  0.0500000  0.0212130  0.0500000  0.0212130
             SN2009J    S  1.411e-15  4.793e-16  4.935e-16  1.518e-16  6.395e-16  2.031e-16  3.936e-16  1.377e-16  5.657e-16  1.378e-16  7.761e-17  2.415e-17        NaN        NaN    0.0062194      8.466     49.690      1.240  4.406e+12      1.0000000  0.4721606   0.3733000   7.9631562  2.1370239  10.0844841  2.3697059  0.0202270  0.0177130  0.0081510  0.0145140
            SN2008bc    G  3.936e-17  1.479e-17        NaN        NaN  2.254e-17  8.469e-18  2.262e-17  6.398e-18  3.559e-17  9.652e-18        NaN        NaN        NaN        NaN    0.0001714      8.510      9.710      1.270  4.354e+12      1.0000000        NaN   0.7694000   7.3041692  1.5175400   9.8874874  1.5476160  0.0499950  0.0007510  0.0499990  0.0004440
          ASASSN14hu    G        NaN        NaN  1.112e-16  1.047e-17        NaN        NaN        NaN        NaN        NaN        NaN        NaN        NaN        NaN        NaN          NaN        NaN      3.010      1.850  3.963e+12      1.0000000        NaN   0.5675000   6.3107309  0.3533320   6.1593451  0.3533320  0.0139500  0.0113140  0.0091020  0.0113140
            SN2005hk    S  3.001e-16  9.851e-17  1.051e-16  3.143e-17  8.109e-17  2.612e-17  4.109e-17  1.084e-17  1.531e-16  3.664e-17        NaN        NaN        NaN        NaN    0.0008974      7.957     30.930      1.090  2.990e+12      1.0000000  0.0000000   1.0565000   6.9518590  1.2040620   8.5620632  1.1121770  0.0121220  0.0166560  0.0329360  0.0213860
            CSP14abn    X        NaN        NaN        NaN        NaN        NaN        NaN        NaN        NaN        NaN        NaN        NaN        NaN        NaN        NaN    0.0000000        NaN      7.520      1.570  9.089e+12      1.0000000        NaN   3.9869001  10.2552729        NaN  10.2552729        NaN  0.0500000        NaN  0.0500000        NaN
            SN2002cx    S  4.037e-16  1.391e-16  1.411e-16  5.008e-17  1.441e-16  4.654e-17  7.621e-17  2.788e-17        NaN        NaN  2.368e-17  8.758e-18        NaN        NaN    0.0041757        NaN     38.650      1.140  1.034e+13      1.0000000  0.3763868   0.0174000   8.7036362  1.4758310   9.6828566  0.5836430  0.0068390  0.0066890  0.0042110  0.0027560
            SN1991bj    S  2.611e-15  9.122e-16  9.130e-16  3.034e-16  9.511e-16  3.217e-16  4.679e-16  1.680e-16  1.043e-15  2.532e-16  1.138e-16  4.276e-17        NaN        NaN    0.0152737      8.224     81.680      1.130  5.850e+12      1.0000000  0.4352398   0.6023000   7.6961288  0.9640550   9.1853313  1.1041420  0.0150360  0.0209680  0.0211570  0.0243500
            SN2008ae    S  1.090e-15  3.899e-16  3.811e-16  1.401e-16  2.323e-16  7.884e-17  3.776e-16  1.356e-16  3.861e-16  9.919e-17  4.000e-17  1.503e-17        NaN        NaN    0.0180197      8.639     81.530      1.620  1.653e+13      1.0000000  0.5210662   0.7151000   8.7065468        NaN   8.7065468        NaN  0.0040000        NaN  0.0040000        NaN